5000
-387 -715 520 -711 969 -123
-820 626 -122 394 281 588
9 -10 -10 1 -7 -6
-1 -3 -1 -1 2 -1
2 2 2 0 1 1
2 2 0 1 2 1
-2 -10 -4 -8 -5 1
-1 3 -1 3 3 0
0 -3 3 -3 -1 -2
-105 -227 234 32 406 -446
523 937 -399 -979 -515 434
1 1 1 2 2 2
2 1 0 2 2 1
-4 4 10 6 -4 -10
3 -3 2 -10 -7 -2
208 -527 -951 351 746 640
4 -5 9 5 -6 -9
3 2 3 3 -2 -1
0 0 1 2 2 0
155 945 48 775 928 270
-6 -6 -2 10 0 -10
2 2 2 2 2 1
2 0 1 0 1 1
10 0 -5 3 5 1
827 -685 -510 381 -247 -215
0 0 0 -2 -2 3
-6 8 0 7 -6 10
-50 748 834 565 -750 811
1 -2 1 -2 2 0
10 -2 -7 4 -5 9
1 1 0 1 2 2
1 2 -3 2 0 0
-353 241 241 599 -628 488
-2 3 -2 4 6 -6
7 -7 -6 7 -10 8
1 4 10 -7 -10 -8
-495 170 859 -895 -942 -748
1 1 1 2 2 2
0 -8 10 -8 -1 -3
0 0 1 0 1 0
1 1 0 1 0 0
1 1 0 2 1 0
-89 190 -208 735 -572 406
5 4 0 8 -1 -10
0 2 1 2 2 1
2 3 -2 2 -1 2
8 8 3 4 6 3
0 1 1 0 0 1
-3 -2 -3 -2 -3 0
0 2 2 0 0 1
841 -204 -548 -381 -383 75
2 -3 3 -3 -2 3
1 2 2 2 2 0
643 -831 629 -950 -797 -66
485 -710 565 -746 -747 -205
1 -1 -2 -1 -1 0
-3 0 -3 0 0 2
1 0 2 0 1 0
-488 -243 -46 363 775 -426
2 2 1 2 1 2
-99 -37 904 -622 -320 444
-1 -1 -2 -10 -2 -6
793 -805 674 946 17 -258
-2 -1 0 2 1 1
-225 -295 626 -748 -44 117
-1 1 0 -1 1 0
-875 -525 778 -867 712 -917
-10 -3 -7 -10 -8 10
-528 -436 999 -249 -807 -503
-10 4 -9 3 1 -5
-230 -592 371 989 -2 -63
0 0 0 0 0 2
-2 -4 7 -1 -10 10
3 3 3 3 3 -3
876 286 -836 -792 -603 -57
-7 -6 -4 2 -6 -2
0 0 2 2 2 2
-2 3 -1 3 -2 0
9 -9 4 -2 -7 7
165 -889 -688 161 -856 477
0 2 1 0 2 2
-8 5 5 -10 4 4
2 2 2 2 1 1
1 1 1 2 2 2
-3 0 -3 0 3 0
637 -70 904 -331 -657 633
6 1 7 -2 4 0
311 -871 -113 935 -518 -224
-3 1 -1 -2 4 -9
-355 -66 161 -368 939 674
1 1 2 1 1 1
-3 0 1 0 0 -2
-2 -3 4 0 -8 4
0 0 2 2 0 1
188 -736 550 -191 -943 -203
2 2 2 0 0 2
1 2 -2 -1 0 -3
14 311 833 -342 690 191
-3 0 -3 0 0 0
1 1 1 2 1 1
3 -1 -5 7 3 7
5 4 -5 7 -9 -1
0 -7 5 -1 5 -9
1 2 0 0 2 2
9 2 -2 7 -1 0
-3 -4 0 -1 2 2
4 -4 -10 2 9 3
375 412 -125 -747 38 -714
4 -5 -4 -4 -6 -8
-118 405 380 415 134 375
2 -3 0 -1 -6 10
2 0 0 2 0 1
711 -245 223 -172 328 331
496 -956 -175 329 868 -952
8 -1 -2 8 -2 9
-3 -3 -3 -1 0 2
-1 2 -1 2 0 3
-63 82 -273 883 734 222
4 2 -6 -4 -3 -10
0 -6 -8 2 -10 5
0 2 2 2 0 2
-8 -10 6 10 4 -9
0 2 1 2 1 2
1 2 0 2 1 0
0 2 0 0 2 1
-2 -6 -8 4 6 8
-893 -525 -696 82 -526 878
-3 -3 -3 -3 2 -3
-3 -3 -1 2 0 0
938 145 -504 192 -493 -912
1 2 2 0 0 0
-978 754 -786 -944 960 -972
522 -1 134 -350 830 -178
2 1 0 2 1 1
2 0 1 0 2 0
-1 -3 -1 -3 0 3
10 5 9 -5 -10 -2
1 2 2 10 2 -7
564 190 -605 727 -679 -901
-1 2 -2 2 -2 0
6 -9 -6 -2 5 -4
0 -3 0 0 3 2
10 -5 -5 -1 1 5
2 1 1 0 0 0
-31 455 -195 -732 -753 245
5 -6 8 -7 10 8
0 -8 -1 9 6 0
3 -3 3 1 0 0
-453 653 -633 688 667 935
869 78 -892 -303 -176 -842
10 7 -2 9 -3 -8
2 1 0 2 0 1
-1 2 3 2 1 2
10 -9 0 -1 7 5
-1 -1 -1 -1 0 1
-585 327 -572 548 838 -937
0 -3 0 -3 0 -1
-194 617 412 -37 982 406
0 3 0 1 2 3
1 0 3 -1 0 0
-228 590 -211 -791 900 692
10 -9 6 -8 10 3
2 2 1 0 0 1
0 -7 -7 -1 6 -1
2 0 1 1 2 1
1 -1 -3 -1 -3 -2
1 4 6 -7 8 7
-7 0 5 -3 -6 5
1 2 1 1 0 2
0 2 2 2 0 0
2 1 1 1 0 2
-5 -9 -4 9 6 -6
-83 657 625 -496 -507 -516
1 2 2 2 1 0
-3 -4 7 5 2 0
0 0 0 0 0 -1
-649 114 -252 -774 -323 -687
470 -125 622 -99 142 -462
-507 -311 -674 15 288 336
6 4 8 -4 -2 10
796 701 100 -136 -602 -359
3 0 3 -3 1 0
1 -1 -1 -3 -2 0
-766 -999 -371 -148 -706 817
0 -3 0 -3 1 -1
-321 -729 379 -190 -96 -693
0 1 0 2 0 0
203 551 448 140 861 -485
2 2 3 2 0 0
1 2 2 1 1 0
5 0 5 1 3 -4
1 1 0 0 1 0
1 -1 1 -1 0 0
9 8 7 5 -7 3
2 1 2 1 2 0
-1 1 -1 1 1 -2
5 -3 -4 -6 -4 -8
1 -2 2 0 3 -1
4 -3 0 5 4 7
8 9 10 0 -10 4
-2 3 -6 -7 -1 -3
0 1 0 1 0 1
-3 3 -3 -2 -3 0
0 1 2 1 2 2
2 0 1 1 0 0
3 2 -3 1 -3 1
-550 994 768 -923 -70 -10
-3 3 0 2 0 0
2 -6 5 7 -4 -8
5 4 7 2 10 10
-84 -143 552 -746 -598 -526
-817 -199 -292 -917 820 -344
2 0 2 2 0 1
0 2 1 1 1 1
2 2 1 0 2 1
4 -9 -4 3 2 5
1 0 2 2 0 0
426 600 647 -527 -208 980
0 -1 3 0 0 -3
-2 -3 -2 0 0 -2
3 1 -3 -2 -1 3
1 1 1 0 0 2
-3 0 -3 0 3 2
2 0 0 1 0 2
-327 718 723 -571 -39 -138
-5 7 0 9 -6 -4
0 3 0 3 1 0
4 -6 2 -6 0 5
-243 133 475 674 969 135
212 -505 -479 -819 525 -202
1 2 2 1 1 1
-3 -3 -3 -3 -2 -2
-37 516 -3 -72 -119 -747
-3 0 -3 0 0 -3
0 3 1 3 -2 -3
3 0 3 0 0 3
0 0 0 0 -1 2
851 136 -990 -166 -772 -718
5 -8 8 -6 6 -6
2 2 0 1 1 0
1 1 1 1 0 1
3 3 3 -2 0 -1
-8 4 -3 -3 -1 -3
-1 2 0 2 -1 -1
-6 1 10 -6 -6 -5
8 -3 1 -5 5 3
100 198 718 57 -720 697
999 329 391 -583 312 -657
4 -8 -1 10 2 -3
6 9 10 -7 0 7
980 810 -789 -622 988 808
988 864 -950 992 26 -976
-4 9 9 1 -3 -7
462 440 927 257 -283 795
1 1 1 1 1 3
717 631 -119 -260 -81 -664
-99 526 891 -867 -831 -498
-3 -4 0 10 5 -6
1 2 0 1 0 1
1 2 2 1 1 2
-162 900 -541 604 557 110
636 -187 -278 403 -271 -8
170 321 25 580 -728 42
-2 5 8 -6 6 4
2 2 2 2 1 2
1 10 2 5 -3 -6
2 0 2 2 0 2
6 -7 0 2 1 -2
-590 893 -879 -703 475 -713
2 2 2 1 2 1
1 2 0 1 1 2
2 2 2 2 1 2
1 0 1 0 0 1
0 2 0 0 0 1
-8 -3 -4 -4 2 -7
-291 729 873 96 -702 529
-623 41 -149 -699 -734 291
-3 1 2 -1 0 2
7 -5 6 7 -7 8
2 0 0 2 1 1
0 0 1 0 0 1
779 -55 356 238 728 330
0 3 0 3 3 0
2 8 -1 -5 0 3
2 0 2 2 2 1
-1 0 -1 0 0 -2
3 2 3 -2 0 -3
1 -3 1 3 -1 -1
2 0 0 0 3 0
-3 0 1 0 -2 0
-1 -2 2 -2 -1 0
3 1 3 -1 2 -2
0 0 2 2 2 0
-1 -9 -3 5 3 -8
-5 2 0 9 0 -5
-1 0 -3 3 0 -1
-1 1 -1 1 0 -2
2 -2 2 1 -2 0
5 -10 -3 -7 4 6
-438 -988 -596 122 -915 610
0 1 2 1 2 2
1 -2 -1 1 -1 0
5 4 -7 -7 7 7
2 0 2 0 2 2
-3 0 -3 1 1 3
2 1 2 2 2 2
2 0 2 2 0 2
-1 1 -1 1 0 0
6 -1 -5 1 9 -6
-10 -10 6 4 7 -5
721 911 79 -522 34 -957
4 0 -10 4 6 -2
2 2 1 1 0 0
-452 67 -506 220 996 223
228 970 -764 -633 729 845
2 0 2 2 2 2
-2 2 -2 2 -2 0
2 -3 2 -3 0 0
2 -1 2 -1 0 -3
1 -2 1 -2 0 0
-4 2 -8 -9 -5 -9
-248 536 224 97 417 22
1 -3 1 -3 3 -3
-211 172 -337 56 -631 -982
-4 -2 -2 -6 -6 1
5 3 -4 8 -7 1
-85 -120 -979 -36 452 916
0 2 2 1 1 1
2 1 0 0 0 0
0 1 0 0 2 2
-1 0 -1 0 0 0
1 2 1 1 1 1
1 1 2 0 0 2
-2 2 -3 2 0 -2
-896 52 -841 -571 456 -231
-656 -602 390 -946 313 -221
1 0 0 2 0 -1
-4 7 4 9 -6 -4
0 -2 -2 -2 -2 0
7 -5 4 -7 -10 -7
0 2 0 0 1 2
-2 3 -5 -1 6 4
-63 -2 294 -791 -413 720
1 2 1 0 0 1
324 142 -800 -653 957 -392
3 -1 3 -2 2 0
8 2 -2 0 9 -7
5 0 -1 -3 10 5
0 2 1 0 2 1
2 0 2 2 1 0
-979 429 -191 -806 541 -251
-254 -548 619 198 -808 -846
1 1 2 1 1 0
6 -5 8 -3 -5 1
283 909 323 -57 367 235
2 2 1 2 2 1
0 2 2 0 1 1
-10 -8 -10 7 1 8
-42 382 -160 -959 307 527
-1 0 -1 0 -3 0
9 2 -7 10 3 -6
2 1 2 1 2 2
-7 -4 9 -3 -2 -10
0 1 2 2 0 0
-10 4 2 -5 6 -9
1 1 1 2 1 0
1 1 2 1 2 1
-100 964 185 -285 -515 -186
-2 0 -2 0 1 0
1 0 2 2 0 0
2 1 0 1 0 0
2 2 1 1 2 0
730 369 -464 -64 151 796
2 -2 -3 -2 2 1
-3 5 6 -7 2 1
-1 -1 -3 -2 -3 0
1 -3 1 -1 0 -2
-3 -4 -7 4 8 -2
-3 2 -2 0 -3 2
-2 -7 -4 -7 -2 -4
-771 -349 850 369 -83 -458
3 -2 -5 -8 -4 2
1 2 0 2 0 1
-3 1 -3 -2 -3 0
0 1 0 2 1 2
2 2 1 0 1 1
-283 -253 891 765 -350 582
-769 940 -386 -288 436 -127
-2 0 -2 -2 3 0
-291 14 -161 785 32 -318
1 2 0 0 0 0
-1 1 1 0 1 -2
0 1 0 1 2 0
1 2 1 2 -3 1
-1 -3 -1 -3 -3 -1
1 9 -6 7 -1 0
-138 -931 287 -603 289 940
1 0 2 2 2 1
0 0 0 2 1 2
1 1 2 0 2 1
7 2 6 6 -1 9
2 0 0 2 2 1
-543 -501 -485 1000 778 -820
0 2 0 2 1 1
3 -2 0 -2 -2 3
2 -2 -5 -7 8 6
1 1 0 1 1 2
-1 -1 1 -1 0 -2
450 -739 -166 149 484 868
-8 -1 4 5 -4 5
-141 990 -427 6 -53 292
2 -1 0 -1 3 -2
-9 3 9 -9 -4 7
0 -1 0 2 1 0
1 0 2 2 1 1
213 281 50 -736 821 829
-3 -2 -3 -2 -3 -2
0 1 0 2 2 1
1 2 3 3 0 -1
-3 -2 -3 0 0 1
2 8 -7 -10 3 -2
1 2 0 1 1 2
0 3 -10 10 -7 4
6 -4 0 4 4 2
0 2 0 1 0 1
-911 -337 839 515 526 -307
3 3 -2 3 1 1
-774 269 942 -944 121 115
10 9 -8 7 -10 -2
0 1 0 0 1 0
-2 0 -2 2 3 2
0 -3 2 -1 -1 3
-7 -4 3 -3 2 1
0 1 1 1 0 1
2 0 2 2 1 1
478 -299 -212 440 35 -737
0 1 1 0 1 0
1 1 2 0 2 0
0 2 0 1 2 1
-2 0 -9 1 -5 -4
1 0 -2 2 1 0
-985 189 -260 -720 673 370
1 0 0 0 0 3
1 0 1 1 2 2
-6 2 1 -2 9 7
-881 -123 -809 82 958 613
1 0 1 0 2 0
0 0 0 0 0 -1
7 -5 -10 8 9 -2
8 -10 6 8 10 -7
-508 784 177 971 -245 538
7 2 -9 8 1 -7
-508 -791 302 -961 -530 5
-1 4 -2 -7 8 3
8 -1 3 -8 8 -8
1 1 2 2 2 0
0 1 1 2 0 2
916 545 559 -39 829 794
-2 -2 1 -1 0 0
191 -52 321 -941 -50 406
2 0 2 2 0 1
-2 -3 -2 -1 3 -2
-21 835 390 850 -495 -508
2 2 2 2 0 1
0 -1 1 -1 3 0
2 1 2 2 1 1
-571 708 165 -224 630 64
8 -9 -10 5 -10 1
2 1 2 0 1 1
-3 -7 -8 7 6 -1
-2 2 0 2 0 -3
-10 -4 10 -3 10 9
1 2 1 1 1 0
0 -1 -3 -1 -2 -3
670 828 -803 -821 -872 -994
9 1 -6 -1 -1 -8
289 999 816 -367 162 994
-2 2 -3 2 1 2
-1 0 -1 0 -3 1
-10 0 -7 7 -3 4
-4 -1 4 -7 -8 6
-2 1 -2 1 1 -3
-9 -3 -10 10 8 8
-2 1 8 -2 -7 1
-3 3 -3 -3 2 2
2 1 0 0 2 1
3 3 0 3 3 0
2 -3 2 2 -2 0
-1 -1 -1 -1 -1 0
-8 -9 8 -7 -3 6
-6 -4 -6 -2 -8 1
0 1 1 0 0 2
-388 894 -883 441 844 -643
1 -3 6 5 8 3
5 2 -1 -7 -8 8
1 1 2 0 0 0
-902 -59 306 -663 -508 -623
7 3 0 -2 -4 2
10 -6 3 -6 1 -5
0 -1 0 3 -3 3
159 -163 733 574 -843 92
3 -1 3 1 0 1
6 1 -8 8 10 9
2 1 2 0 2 0
-4 3 -6 4 -3 6
3 -4 0 2 -8 2
-6 3 4 -5 8 9
2 0 0 1 1 2
-85 261 344 -656 -307 334
-998 276 -466 410 -662 565
2 1 0 2 1 1
-170 109 -420 -459 410 -961
2 0 0 0 0 0
8 -1 -1 -10 -8 10
0 1 2 1 2 1
3 -3 3 -3 0 -1
1 1 1 2 0 1
1 2 1 2 3 -3
-3 4 0 4 4 8
-2 8 -9 -8 2 1
-3 2 -3 2 0 0
-9 -7 6 -6 -9 -3
-3 -3 6 1 -5 -3
0 10 -5 -2 -8 -3
0 2 2 2 0 1
3 -2 3 0 -2 0
1 3 -2 3 -3 0
0 2 2 2 2 2
8 -8 -10 7 -6 -5
60 296 863 3 880 -881
841 846 122 -468 38 -677
878 -506 -358 709 -424 704
-816 976 -306 740 930 -100
0 0 1 0 1 2
1 0 0 2 2 1
2 2 0 1 0 1
-1 6 -6 7 5 2
-1 2 -1 3 0 -1
0 1 0 2 0 1
0 -3 0 -1 2 -2
-1 -3 0 -3 -3 0
1 -10 -7 -7 -9 -1
1 0 1 0 1 2
0 -1 -1 -1 1 2
1 -3 1 -3 0 0
2 1 2 0 0 2
402 -99 -331 -546 771 -118
2 -1 2 -1 0 0
-2 -3 -1 -2 0 2
1 1 2 0 1 1
2 1 0 1 1 2
943 -805 41 916 260 -572
-3 1 0 1 1 0
-171 -536 -526 -964 393 671
0 -1 0 -1 -3 0
2 1 0 1 1 1
1 2 1 1 2 0
3 0 3 0 -1 0
-3 2 -3 2 0 3
3 0 3 0 2 -3
1 6 3 10 -4 6
-868 171 -206 913 931 -178
-6 2 -1 -5 -5 -2
-94 181 -245 -644 -476 957
-1 -10 3 -7 -2 5
6 5 -5 10 9 -2
-1 -2 -1 2 0 3
1 2 1 1 2 0
443 -36 893 -412 -109 -631
9 -6 2 -7 6 8
2 1 1 0 2 1
1 2 0 0 1 1
-2 1 -4 -7 -6 8
0 1 1 2 2 0
9 9 1 -8 -5 -1
-3 -4 8 4 0 -7
2 -1 -3 -1 2 0
595 -401 111 66 800 -340
0 2 3 -7 6 5
1 1 2 1 0 0
0 2 -2 2 -2 -3
0 0 0 -3 -1 0
3 10 -2 -7 9 -9
-274 -632 702 -266 590 -990
1 2 2 1 2 1
-950 -216 -162 -92 612 554
3 2 3 2 0 0
2 0 2 2 2 0
3 -8 5 -7 7 2
744 -44 -527 -377 893 390
-4 7 9 -8 -10 4
3 2 -1 -2 2 -2
2 1 0 2 2 2
7 1 -8 -2 -7 9
-8 5 8 0 -2 6
-3 3 -3 2 -1 0
-3 1 -3 1 -3 0
1 1 1 2 0 0
3 -3 3 -3 -2 3
17 148 -803 -444 -981 -757
0 1 1 1 1 1
1 0 0 0 0 2
-1 7 -7 6 -2 -3
0 1 1 1 0 0
5 -3 4 4 -9 10
-3 0 -3 0 0 0
-6 -10 -1 6 2 -4
-534 -443 -733 -740 523 167
0 2 0 0 2 1
2 1 1 0 2 2
-1 2 -1 -3 3 3
-1 -3 -2 -3 3 0
2 1 0 0 1 1
-8 2 -6 -8 -3 1
-88 -89 266 25 508 -414
-2 -1 -2 -1 0 0
-2 2 1 1 -3 0
2 1 2 1 2 2
935 175 99 -195 56 856
1 2 2 2 0 1
-469 -401 -477 463 -461 -459
0 3 0 3 0 3
-263 720 210 630 512 347
0 1 2 2 0 0
-1 3 -3 -2 -1 0
5 2 4 1 10 0
-192 308 -558 389 706 196
0 0 1 1 0 1
773 -369 262 -962 475 -992
1 2 1 1 0 0
2 2 2 2 1 1
2 2 1 2 1 0
2 2 0 2 0 2
0 3 2 1 0 -2
0 2 0 1 2 2
-676 497 -884 272 -672 51
2 1 1 1 0 2
118 -487 373 -655 904 -585
-10 8 -10 -6 3 10
236 911 -849 978 -175 -901
2 0 2 2 1 2
1 2 0 1 2 1
781 874 -152 -113 890 231
2 0 1 0 1 2
1 1 0 0 1 1
0 1 1 1 1 2
2 0 0 1 0 0
-2 3 -3 3 -2 0
1 1 0 0 0 1
-9 9 10 4 5 0
2 2 2 2 2 2
1 2 0 2 1 1
0 2 0 1 1 2
-2 -8 -3 -9 7 9
1 1 1 2 1 2
-7 -7 10 10 4 1
-620 488 -12 -356 -18 44
920 -216 -348 -687 -463 -938
-4 2 7 -5 -4 9
488 -184 282 -943 277 126
0 2 2 1 2 1
1 -6 2 10 -5 9
2 -1 2 -3 -2 2
1 -2 2 -1 0 0
2 0 1 0 3 0
-544 -127 177 -5 -422 -330
984 628 776 -489 441 -374
10 5 7 -1 -7 4
-8 0 -9 9 -2 9
1 1 0 2 2 2
-72 657 -988 561 -961 -988
1000 -62 -557 -591 -405 373
1 2 1 2 0 0
-536 -100 -522 763 -276 899
378 553 11 -736 866 -895
0 7 -3 -1 6 -8
0 2 2 1 2 0
2 0 2 0 1 1
3 3 3 3 0 -1
0 0 1 2 2 1
1 0 2 0 0 0
592 388 308 395 81 651
2 0 2 2 1 0
0 -2 0 -2 0 0
-7 -8 -3 8 -7 -5
2 0 2 0 1 0
2 0 2 2 2 2
-3 3 0 -1 0 2
0 1 1 1 2 1
2 3 4 2 -4 -7
0 2 2 0 2 1
-2 2 -10 -5 -8 -1
-10 0 -9 -1 10 0
3 2 -3 2 0 -2
0 0 0 2 1 2
0 -2 -3 1 -4 -8
5 -8 -5 3 4 -6
1 2 0 2 0 0
2 0 2 2 2 0
1 0 0 0 0 0
-10 -10 1 5 -4 10
0 2 1 0 1 2
-596 383 -300 772 -604 -663
2 1 2 2 1 0
-1 2 -1 2 0 0
2 0 2 2 1 2
520 632 608 858 627 -902
752 712 60 -6 -296 694
2 3 0 3 2 -1
-10 -7 5 3 -8 7
4 -10 -5 9 -7 3
-578 -859 424 300 561 -648
-4 0 4 6 1 4
645 554 56 159 -650 783
877 390 362 -470 -557 -341
744 284 47 510 500 -176
5 -9 6 -10 1 -8
9 4 -9 -10 5 9
-2 10 2 -8 4 -2
1 1 1 0 0 1
2 3 2 -3 0 0
-421 65 -114 362 355 907
4 -8 -7 -9 -2 10
-517 787 -649 -464 -297 497
1 2 1 2 2 2
-3 0 2 0 1 1
1 0 2 2 1 1
10 4 -7 7 9 -6
2 0 1 2 0 0
-2 8 -4 4 -10 7
3 3 -1 2 -3 0
2 0 0 0 0 0
-7 8 8 0 3 4
1 2 2 0 1 1
-3 0 -3 -2 -2 -2
-3 3 -3 3 -2 0
-4 -1 -6 10 0 -10
-6 9 -10 4 -5 -5
-1 -1 -2 8 -9 -9
-2 3 -2 3 0 3
-1 -1 -1 -1 3 0
2 2 1 2 1 1
1 1 0 2 0 1
-7 7 0 6 8 6
0 -3 0 -3 0 2
4 4 6 -1 9 -6
-5 -6 -9 -9 -7 3
3 10 10 5 -1 -5
9 -5 3 6 -3 7
793 -997 111 106 931 -50
1 1 2 1 0 1
-7 -6 -5 5 -7 8
3 -3 3 -1 3 2
0 1 0 -1 0 0
6 -2 3 -4 -5 10
2 0 0 1 1 0
0 -1 0 -1 0 0
-2 -2 -2 -2 -2 0
-3 -2 -3 1 0 0
-9 10 4 4 -3 -7
2 1 2 1 1 0
-935 -537 -319 -824 -397 146
2 -2 2 -2 2 1
-2 1 -2 1 1 3
103 892 -152 -681 -567 -276
-875 -781 -682 79 -950 718
-381 -591 481 405 115 -887
2 1 2 2 2 1
6 -5 8 7 -6 -7
-364 262 341 -470 552 -273
9 5 10 -9 9 -1
-2 2 0 0 1 -1
8 -10 10 0 0 6
5 8 -2 -8 9 2
283 -198 272 462 656 -788
-3 -2 2 0 0 0
0 0 -1 0 0 3
-2 1 -2 3 0 -3
3 1 3 1 0 1
-786 -416 512 991 961 424
-2 3 -2 -2 0 0
0 1 1 2 1 0
-766 365 -720 -496 182 -141
2 0 2 2 2 0
0 1 0 1 0 0
-1 -1 -2 1 -2 0
212 536 566 -579 18 446
-6 10 -10 -7 -3 -5
-4 7 -3 0 1 -8
1 0 2 0 2 0
10 4 7 -9 4 0
-1 2 2 -2 0 -1
-357 -895 246 217 455 -756
-2 7 0 -10 2 6
1 1 1 1 0 1
0 2 2 0 2 1
-3 -2 -3 1 -3 -2
-3 2 -1 2 3 -1
1 1 2 2 1 1
8 5 -1 -8 -2 -2
-549 100 3 -273 -169 -573
0 2 1 2 0 1
764 -409 712 928 -196 -436
6 6 -2 -6 -10 9
-1 1 -1 1 3 0
0 -3 0 -3 3 -1
1 1 1 0 1 0
3 -3 3 -3 -2 -3
150 855 -135 318 -48 586
0 2 2 1 2 1
10 8 -8 9 -2 5
74 677 -48 -905 600 -957
-3 -1 -1 -1 -2 -3
0 -1 -1 -1 -3 -2
-727 898 189 -975 -500 136
-3 0 -3 -3 2 3
2 3 2 -1 3 1
1 -9 6 -10 -1 4
3 -8 -1 -3 -10 -10
-9 4 2 -5 4 9
-10 5 6 10 -2 -2
445 -615 105 -605 -785 50
0 2 1 2 2 0
703 -749 82 44 728 -18
-4 8 -2 2 -3 -8
-478 253 541 -557 704 958
-64 155 -921 -839 -532 -651
-3 1 -1 1 0 -3
-3 -3 0 -3 0 0
0 -3 0 -3 3 0
-4 -5 3 -10 0 9
0 -3 0 -3 -1 2
0 1 0 1 0 2
-2 2 -2 2 2 -1
0 -10 1 3 5 -10
-2 -2 -2 -1 0 -3
8 -3 -2 2 -8 4
3 -3 3 -3 0 0
-495 385 -119 -141 -670 856
0 -1 0 -2 0 3
-283 245 821 -965 955 881
-2 2 -2 2 0 2
8 -1 7 -9 -6 -8
1 1 2 0 1 2
0 -3 0 -3 2 2
233 -80 759 -701 -546 656
3 -1 3 -1 0 1
-2 -2 -2 -1 0 3
-418 -170 -870 -320 -588 -38
68 -496 766 819 -555 -25
-8 2 -3 -7 -1 9
1 -1 -1 -1 0 1
1 2 2 0 0 2
-215 206 458 343 -878 313
-224 -406 -332 -502 -865 54
1 1 2 2 0 0
2 0 1 1 2 1
-3 0 2 0 -1 0
-4 -7 -1 3 -2 -6
642 -433 557 672 -918 -280
3 -1 3 -3 2 0
5 -10 -1 -6 -4 9
-1 3 -1 -1 0 -1
0 1 2 1 1 1
-929 497 -101 91 -562 397
8 -3 2 -7 -9 9
946 -369 255 -845 -771 -800
2 1 1 2 2 2
4 2 -1 7 4 -7
323 867 589 -379 -406 -967
0 3 0 3 2 0
-1 -2 -1 -2 -3 -2
-365 -851 32 -307 -71 456
2 -3 2 -3 0 -2
-5 9 -2 0 -10 7
1 1 2 1 2 1
0 0 0 2 2 1
2 1 0 0 0 1
0 -2 -7 -9 -6 -7
-403 -109 -184 -871 -979 -488
-4 3 -1 -1 8 10
-3 3 -3 3 3 -3
-336 -890 765 -832 -63 -634
762 502 -640 -184 180 -870
-200 572 172 -489 619 369
568 947 62 291 248 -849
0 -1 0 -1 -2 -1
735 289 -192 164 793 889
640 153 873 153 -965 398
68 -169 615 725 399 411
-10 6 4 10 -6 5
1 0 0 0 2 0
-7 7 -1 4 10 -1
613 690 191 -623 546 -752
2 -3 2 3 -2 2
-1 -1 -1 1 3 0
1 -3 1 -3 0 0
1 1 -3 3 -4 -2
1 -1 1 -1 1 3
-911 542 -478 -44 753 -955
1 -1 -2 -1 0 3
9 5 5 -9 6 -4
674 -401 -608 291 377 -861
805 -208 -930 -127 460 558
-3 -2 0 -2 0 -3
1 -2 1 -2 0 2
3 -6 3 7 5 -7
10 7 -5 -6 4 5
991 -598 158 -215 -741 977
-799 -11 446 -845 934 -765
-6 -8 7 -2 -5 6
-340 791 -458 735 6 -393
17 385 -981 503 -329 117
0 0 2 2 2 1
2 0 2 1 0 1
-755 311 959 -481 916 127
0 1 2 0 0 2
2 1 1 0 2 2
1 2 0 0 0 0
-8 1 -2 -7 3 -3
2 1 2 1 0 2
3 2 3 2 0 1
-2 -6 -8 5 10 -7
279 903 -788 -977 700 55
1 2 0 2 -2 -2
-5 8 2 -9 -8 3
1 0 0 0 2 2
-1 0 -4 -2 1 -8
5 0 3 -5 6 -10
0 -3 0 -3 1 0
-261 -186 -703 865 -398 674
-135 -206 -138 314 -599 71
8 0 -1 0 -4 7
595 -128 -358 887 297 -858
1 1 1 2 0 1
1 2 1 0 2 1
-6 7 6 -2 4 -7
541 626 -985 -862 -727 -41
3 3 3 -1 0 1
0 -6 -4 -8 -8 10
0 0 2 2 2 2
2 6 -6 -10 -6 4
-605 -891 -931 -98 -41 -563
1 0 0 0 2 2
-7 -4 9 6 -5 3
2 1 2 1 2 -3
841 882 172 829 671 -723
1 0 2 2 1 1
0 0 2 0 0 2
0 1 2 0 2 0
0 2 0 1 2 2
-1 3 -2 3 2 0
-1 1 2 3 0 -2
143 -118 -611 -494 865 660
-3 -2 -3 3 0 0
871 25 -572 -265 577 571
1 1 -1 -1 0 0
0 2 0 0 1 2
491 -514 626 442 -235 981
3 0 3 2 1 0
-9 -3 -3 0 -8 -9
10 -6 -10 -8 8 3
-3 0 2 0 0 -2
342 -177 -175 875 -697 825
1 1 0 0 2 2
1 1 0 0 1 1
1 -10 7 5 -9 6
1 1 2 2 0 0
-607 504 950 -73 261 573
2 -2 2 -2 -1 2
1 -3 -2 -3 0 0
0 -1 0 -1 -1 -3
10 10 10 8 1 -4
-357 -822 -248 99 372 180
2 -2 -3 -2 0 0
0 1 1 0 2 2
3 2 3 2 -3 3
0 2 0 1 0 0
-747 471 315 120 -794 140
0 3 0 2 -1 -1
-616 993 -327 543 33 -27
2 0 2 -2 0 -3
1 2 0 1 2 0
0 1 0 0 2 1
1 1 1 1 2 0
189 -814 -310 127 735 166
736 -934 -795 -988 -683 -979
6 -2 -2 -7 2 -9
340 -689 486 -420 -395 324
2 0 2 0 0 1
4 -9 7 2 4 7
-4 8 -7 -6 -5 -5
3 0 3 0 0 2
2 2 2 0 1 0
71 -264 -915 39 -875 616
1 0 0 0 1 0
-642 -264 781 -108 999 122
2 -3 2 -3 1 0
523 -711 -174 488 444 -464
0 1 0 1 -2 0
-60 131 977 -68 262 -74
912 381 848 -880 109 347
-6 -2 -7 6 -7 -9
-4 1 8 -10 -10 5
-1 0 -1 0 0 -3
2 3 -2 4 -7 8
689 991 -135 -755 52 -992
926 -370 -957 596 -93 33
-938 225 -788 822 795 843
10 -6 7 6 7 8
-2 -2 -1 3 0 0
-282 298 810 -226 74 652
-916 582 801 706 90 210
2 1 2 -1 -1 3
648 -739 915 -118 278 826
3 -535 837 768 241 -494
-251 581 -515 365 -562 536
815 51 -536 38 -421 664
-2 -3 -2 -3 -3 -3
1 -10 -10 -4 5 10
0 2 0 0 2 2
420 -750 110 112 -561 311
-1 -2 -1 3 3 3
-3 1 3 0 2 -3
154 418 67 -999 -798 -435
-5 8 -1 -5 -4 6
2 0 0 1 2 1
-8 3 1 3 9 3
1 1 0 1 2 1
-1 2 -1 -3 -2 0
1 3 1 3 0 0
0 0 2 0 0 2
-3 3 -2 -3 -3 0
9 5 3 -1 3 -8
-5 -7 1 8 -5 2
0 1 0 2 2 2
552 -44 364 -576 -32 633
0 1 0 2 1 2
-9 -10 -4 -1 -1 -8
0 1 2 2 0 2
2 -1 2 -1 -3 0
-613 998 426 -926 432 -144
-2 1 -2 0 0 -1
3 0 3 0 0 0
-384 -475 24 708 -856 -141
-4 898 118 -567 -41 -775
517 232 -338 -994 95 -856
-902 814 -147 -730 241 523
203 248 -71 591 586 271
0 2 1 1 1 2
687 -903 285 -644 -873 -307
2 2 2 2 0 -3
-7 2 -5 0 4 -10
1 2 2 2 0 1
0 -3 0 -3 0 -3
7 -9 1 -3 -6 1
1 1 0 0 2 2
2 1 1 2 2 0
0 2 2 1 2 2
803 854 -12 282 -366 893
-8 7 -8 9 -6 10
-1 2 -1 -2 0 0
0 2 2 1 2 2
-7 -8 6 -2 -8 0
-154 -250 -413 -849 122 -976
0 0 -3 -3 0 -1
103 698 -613 910 372 -545
-10 -5 1 -9 7 -10
0 1 0 1 0 -2
-1 1 -3 2 1 -3
820 -95 86 -501 5 983
3 -1 -1 2 -2 3
0 0 2 2 2 0
-5 1 -10 4 7 5
1 1 0 1 1 2
7 9 -6 -2 7 -2
1 0 2 1 1 2
-776 -245 -271 -141 -134 505
3 -4 0 -4 7 5
929 31 261 480 -800 -244
2 2 1 2 1 2
-7 1 5 -6 0 7
6 4 1 0 -4 8
2 2 0 0 0 0
0 1 1 2 1 2
1 -3 -9 6 4 -7
287 589 679 -623 684 -804
6 -3 1 0 -7 -4
-1 0 -1 0 2 0
2 0 0 2 1 0
-3 2 -3 0 1 0
1 -2 3 -4 10 5
100 -990 -403 873 525 951
-199 402 325 -628 -932 -983
0 0 2 0 0 2
-390 -557 83 -967 143 440
-3 -2 1 -2 0 0
1 2 2 1 1 1
-2 0 -2 -2 0 0
1 0 1 1 0 2
0 2 1 1 0 1
-678 -643 -444 610 185 213
1 7 -4 -8 -6 2
-501 9 987 -782 -878 692
387 371 579 69 449 -754
-9 0 0 0 8 0
0 2 0 2 2 0
7 -7 -1 1 1 0
-1 -3 5 -1 -9 -7
-528 -139 913 -924 -515 -237
-451 -949 -715 742 678 -277
2 9 -6 9 -10 -7
0 -5 9 -10 -9 9
730 -236 -740 -181 865 -848
6 7 10 1 1 6
-860 943 81 85 -299 -850
2 2 0 0 0 2
3 -3 -5 5 -8 -4
1 2 1 2 0 2
1 2 1 1 1 0
652 324 657 -530 791 -18
2 -3 2 2 0 -1
-7 -10 0 8 7 -10
-298 -959 316 -518 -454 261
-786 -869 -325 234 643 520
1 -8 -6 5 2 9
-733 -789 468 -346 -248 986
0 0 0 0 -2 1
511 449 -50 -744 -496 -257
0 -9 -9 -4 7 -10
4 1 1 -5 -9 8
225 764 136 -816 -892 620
-10 -1 6 -10 -9 -7
-929 803 795 555 -142 -593
8 -5 1 8 -5 8
1 0 0 0 0 1
10 -2 -2 -7 8 0
1 2 2 0 2 2
10 -10 -6 -6 5 3
-723 285 916 -892 273 -447
793 678 715 512 -894 -348
819 -350 788 -841 -257 -735
-2 -8 -9 7 -4 -7
2 0 2 0 3 -1
-3 3 -3 -2 0 3
-3 7 3 0 5 -5
0 0 1 1 2 1
8 -2 -5 -6 3 -7
1 -1 -7 -4 10 1
-4 -1 -7 10 2 8
-1 0 -1 1 -2 -3
-3 -1 -3 -1 0 0
0 1 2 0 0 0
-6 8 -7 -7 -7 -4
1 1 2 2 0 2
-873 232 -967 -289 -489 -465
-9 5 8 6 -9 -10
-1 10 -7 1 2 -10
2 0 0 2 1 2
-1 -2 -1 1 0 -3
-501 -863 -315 183 970 -119
0 -1 -2 -1 1 0
3 -2 -3 2 0 -2
-4 -4 6 -1 -9 -5
-3 -7 -9 -9 0 -3
-288 390 -200 980 755 -281
0 0 2 0 1 2
-700 441 525 -225 -551 94
-6 4 -2 0 10 1
2 -1 2 -1 0 0
1 3 2 -2 0 2
-6 8 -7 3 9 -7
0 0 0 2 0 0
-1 -3 -1 -3 2 1
9 -807 -686 313 -695 -768
2 -1 -2 0 0 -3
1 1 1 2 0 0
-9 0 -9 10 6 2
0 1 0 2 2 2
3 -2 3 -2 1 0
-3 1 -3 1 0 0
8 -1 -2 -6 -7 -1
2 2 3 -2 -3 -3
-6 3 -6 -4 -10 8
0 1 2 1 0 0
1 0 0 2 2 2
-982 38 788 726 593 506
2 1 -3 -3 0 -1
228 53 -426 950 -775 -940
-2 2 -2 2 0 1
-5 -10 -5 -3 -4 7
7 -6 -1 6 -5 7
-157 253 266 -767 439 -472
473 412 -515 -613 735 977
-66 295 304 -986 245 -495
7 2 -8 -4 3 -1
0 0 2 1 1 2
0 1 1 2 2 0
441 -664 -357 -579 683 -9
1 1 0 2 2 1
0 -1 -3 -1 -2 -2
0 1 2 1 2 2
-3 -2 3 -2 1 -2
-219 354 -34 -529 274 744
-1 2 -2 0 0 0
2 2 1 2 2 0
-1 1 -1 0 1 0
1 1 0 0 1 1
-6 -1 6 -3 4 3
0 2 2 3 3 3
-2 0 9 2 5 1
1 2 1 0 2 2
0 1 1 0 1 2
-1 -2 1 -2 0 -2
-661 61 -705 712 473 -248
6 -7 -1 6 4 3
-2 2 -1 2 0 0
1 -9 4 7 3 -2
7 2 -8 1 -4 8
3 -8 5 2 -1 0
-7 3 -2 -3 4 0
-465 -291 654 425 -690 141
-315 326 -183 20 97 817
-8 -5 5 5 -1 -8
-5 -588 -783 104 987 849
-290 466 475 267 661 -323
486 -95 -991 383 388 411
3 -3 -1 3 1 -8
8 0 5 7 -9 4
0 0 1 2 1 2
283 4 248 351 -924 -6
-1 6 7 0 -2 -10
1 2 1 0 1 0
-1 4 6 3 6 7
-239 -616 -723 -432 -803 484
-218 -589 -902 1000 -582 519
-8 -8 9 0 6 -3
1 2 0 1 0 0
-398 -434 109 -833 874 580
-10 9 -9 -10 -4 8
7 0 5 1 3 -6
-2 -3 -2 -3 0 -1
2 2 2 1 1 0
2 2 0 1 2 1
4 4 5 5 -9 4
-4 8 -5 -7 -1 -6
9 9 -2 3 -4 8
-626 -172 -524 966 -728 -769
-862 -708 -437 -155 580 -577
274 695 -828 -482 524 -812
434 -865 966 -277 -816 159
-5 -3 10 8 9 -10
1 3 2 2 0 3
374 108 340 348 312 -40
-727 891 -669 -36 -201 -976
-266 -449 111 -212 -442 -559
-708 520 -974 -801 -467 -903
4 -7 0 1 0 -7
2 1 -3 1 0 0
2 -3 2 -3 3 -2
3 0 1 0 -3 0
77 -378 225 -240 -73 -42
-2 0 1 0 -1 -3
-833 -314 492 76 179 -571
1 1 -2 1 0 2
-639 -250 928 -867 -516 727
355 805 802 561 -474 477
0 2 1 2 1 2
361 542 823 665 900 210
2 1 2 2 1 0
-5 2 -5 -7 1 9
1 -1 1 1 0 0
-1 2 -1 2 0 1
0 1 2 -1 0 1
-8 -5 -2 -8 -7 -10
-8 -3 0 -4 6 -2
-3 -3 1 0 -1 0
2 1 0 0 0 0
1 1 -1 1 0 -3
1 1 3 3 0 0
2 1 1 1 2 1
-8 -1 -7 -4 -10 -6
2 1 1 0 2 1
1 0 0 1 0 2
2 1 2 1 0 3
-2 -6 1 3 1 7
349 507 -62 494 917 -690
-10 2 0 9 5 -3
1 2 0 1 1 2
-9 -9 1 -10 -6 1
-72 157 -541 -623 14 -183
7 -4 -5 5 10 -8
-1 1 -1 2 0 -2
1 -3 1 -3 0 1
1 0 2 1 1 1
1 2 2 2 0 -3
0 3 0 3 0 0
-505 -886 349 -271 -112 249
-431 -455 613 556 -261 300
2 -2 -1 -1 -3 0
3 -2 3 -3 1 3
797 501 -617 632 -478 -478
9 10 10 -7 -10 3
2 0 2 0 0 1
-8 2 -1 -1 3 -7
-2 0 -2 0 2 3
1 0 1 2 2 2
-3 -1 0 -1 0 -1
0 2 2 2 1 2
-733 -743 565 492 807 -851
-3 0 2 0 -2 -2
800 394 644 147 -644 638
-254 197 451 70 808 -433
662 -972 153 -48 418 -800
-62 167 362 52 -775 -165
1 1 1 0 2 1
5 -4 -4 6 5 -10
0 2 2 0 1 2
-2 1 2 1 1 -1
-99 95 428 -144 -721 806
-67 23 -480 763 -677 121
811 -997 867 -964 765 934
1 3 -2 -1 2 -2
-467 -812 127 -831 -729 -645
1 1 0 0 2 1
-1 10 -3 10 -2 3
1 1 0 0 2 0
0 1 2 0 2 2
948 137 -473 264 183 598
0 0 2 2 2 0
433 278 807 907 365 528
1 2 2 2 2 2
-2 2 0 0 0 1
5 0 -6 5 -2 5
0 -2 0 -2 0 0
2 -3 2 -3 0 0
-950 -796 -445 226 -836 563
10 1 3 10 -6 -2
5 6 5 -3 -9 -7
1 -1 -1 3 0 0
-5 -7 3 -5 1 5
-766 354 69 81 -419 -503
0 1 2 0 1 1
1 5 -9 9 -1 -5
1 1 1 1 3 3
2 -3 -3 -3 0 0
2 2 0 1 1 2
3 -2 3 -2 0 -1
2 1 1 1 2 2
-312 -555 764 -501 -634 -530
-7 9 -10 1 -7 6
-888 -286 918 48 -328 -202
3 -3 3 -1 1 1
2 1 0 2 2 0
1 -7 7 -3 -10 10
7 1 -3 4 -1 0
0 2 2 2 2 1
6 -2 -4 -5 -7 -10
-2 1 3 1 0 0
0 -2 2 -2 3 0
1 2 1 2 0 0
6 3 -6 -7 -1 9
794 -324 858 869 554 537
298 -928 569 400 267 206
2 -3 1 -3 0 -1
0 0 2 0 0 2
2 1 0 1 2 0
-2 3 -2 -3 2 -1
1 0 1 -2 -2 -1
-859 910 290 465 -958 -502
452 176 -39 -878 599 -728
-961 227 31 -949 445 623
7 4 -8 9 -7 -3
-835 692 614 420 -509 -334
-820 -296 -341 221 927 639
-3 1 1 10 8 10
-6 -7 -5 -7 -1 10
-3 -1 -3 -1 3 -1
2 1 0 2 -1 -1
-90 597 -107 -431 16 602
1 -6 -1 4 5 -9
-2 3 1 3 3 0
10 1 9 4 -9 -6
0 3 0 2 -2 0
-1 2 -2 2 1 2
0 2 1 1 0 1
0 0 0 1 1 0
731 770 -500 779 526 -84
10 -5 7 9 -1 -3
2 1 1 2 0 2
1 2 1 2 0 2
1 1 2 0 0 0
2 1 2 0 0 1
-1 -2 0 1 2 0
-1 -2 -2 8 -6 8
-9 -2 -6 2 10 -1
-2 -4 2 -3 -5 0
0 1 0 -3 0 0
842 895 152 604 -290 58
0 -1 0 -2 2 3
-417 -317 573 937 -34 46
1 1 0 0 0 0
2 5 9 -6 -2 10
7 -3 -10 -2 -8 -4
500 -474 444 -13 969 371
0 -3 1 1 1 0
-369 -509 313 313 -963 -916
1 2 1 1 2 1
-3 3 -3 -1 1 3
0 2 0 2 0 2
-6 -2 -6 6 6 3
1 3 1 -2 0 2
-1 0 1 8 -1 -1
7 8 8 9 0 8
2 9 2 7 -9 -6
-1 3 -10 10 -2 6
376 23 213 -409 398 247
-779 -931 76 -413 -15 926
-986 328 -585 -273 -960 333
-7 -8 10 -8 8 -2
3 -2 -1 -2 0 1
0 1 2 0 2 1
1 0 2 0 1 0
-100 -230 408 381 -619 -883
395 -84 -430 724 671 -368
571 -449 771 -578 -768 -179
-639 330 -120 99 46 990
-82 -701 83 388 -813 -239
0 1 2 1 1 0
2 0 1 2 0 2
1 0 1 1 1 0
2 -2 2 -2 -3 3
0 0 1 1 0 0
-9 -8 9 -3 -4 9
-7 -2 1 1 -2 -2
2 2 2 2 -2 0
2 0 0 0 2 1
-3 -2 -3 -2 2 -1
4 9 10 1 -8 7
1 0 0 0 2 2
-4 3 3 -3 -10 8
1 1 0 0 0 1
-10 6 -10 1 4 -5
5 -1 -2 -6 2 -8
-216 -38 134 89 706 -982
-3 2 0 -2 -3 0
-2 -7 -9 1 3 9
2 0 1 1 2 2
0 1 0 2 1 0
0 2 0 2 2 1
1 -3 0 -3 1 0
1 1 0 2 1 0
136 -258 715 430 -979 522
-2 3 -2 3 -2 0
660 54 -942 699 -79 240
0 7 2 -2 -3 6
3 3 3 3 -1 0
1 -2 1 0 1 3
-4 -10 6 9 -6 -2
2 3 -1 2 3 2
0 2 1 1 0 0
2 -2 -3 -2 2 0
2 1 1 0 2 2
1 -3 -3 3 -2 0
5 -5 -5 -10 -6 -3
95 -533 32 -191 86 984
2 3 0 -1 -3 -3
2 1 0 0 0 0
236 456 319 -763 809 -262
-8 -6 -1 -5 10 -8
-2 1 10 0 9 -9
114 -962 -972 63 258 -225
-3 3 -2 -3 0 0
-1 0 -1 0 0 -2
1 0 0 1 2 1
0 5 -1 5 -10 10
3 -3 3 -3 0 0
7 -2 -2 8 1 -1
254 917 150 782 -269 162
0 2 1 1 0 0
5 9 4 7 -10 9
680 959 -522 -726 -669 -21
-509 -624 -897 926 -682 857
0 1 2 2 1 2
-3 -1 -3 -3 0 0
2 2 2 2 2 0
-2 1 -2 1 0 0
2 0 0 2 2 0
6 8 8 -3 5 3
1 1 1 2 1 1
0 4 10 9 -10 1
1 1 1 1 1 2
-2 3 -2 1 0 3
1 1 1 1 0 0
1 -1 0 -1 1 -1
2 0 1 0 1 2
0 0 -1 0 -3 -2
2 0 2 -3 -3 -3
0 1 1 1 2 0
0 1 0 0 1 0
-941 -895 -822 -843 469 -717
1 -2 3 -3 2 0
0 -3 0 -3 0 0
7 3 8 -7 -5 8
1 2 1 2 2 0
3 -2 3 -2 0 0
1 0 1 1 2 1
10 -8 7 -5 -1 4
1 2 1 -1 -3 -2
-7 1 4 0 10 -7
9 8 9 0 -3 1
2 6 10 7 -10 5
3 -2 -2 -2 0 0
-2 2 -2 3 0 -3
-18 -760 618 -495 3 198
-4 -6 8 7 -7 1
4 -1 10 2 -3 0
296 -641 659 -588 -301 -439
-6 -10 -8 5 8 -3
1 2 1 2 0 0
4 1 -9 5 5 -10
1 1 1 2 -2 2
840 -115 -88 596 -403 359
2 2 1 2 2 2
6 -2 3 10 -3 -4
1 0 1 1 1 0
-835 -601 -38 -873 830 -903
-6 -10 0 -9 5 10
579 377 -163 -820 873 -339
2 -1 2 -1 0 1
-209 -74 -992 -777 -316 -719
-2 -1 -2 -1 3 -2
-986 -38 -530 342 642 -103
-780 -997 -191 599 964 489
-2 0 -2 0 3 0
-3 -1 -3 -1 0 2
-3 2 -2 -3 -2 0
8 8 1 4 -8 0
-190 -516 -223 -208 637 669
-7 -1 -9 4 9 4
-3 3 0 -2 0 -1
1 1 0 2 2 1
-3 1 -3 1 0 -2
0 0 1 1 2 0
1 1 0 2 1 1
638 602 508 975 596 281
-3 -8 -1 -7 8 8
2 1 0 1 0 0
3 -3 -1 0 -7 -1
-2 1 -2 1 3 2
1 1 1 -3 0 3
-4 7 7 -5 -5 -5
-1 0 -2 -2 -2 -2
0 0 1 0 0 1
0 2 0 2 2 -2
2 0 2 2 2 0
3 0 2 0 1 3
-9 9 -9 3 -4 -5
2 2 2 2 2 1
2 0 2 1 0 0
-9 6 8 0 -3 -1
-5 -4 5 -6 -1 10
0 0 1 1 2 0
9 10 -9 -7 -6 2
0 0 1 1 0 2
2 1 0 2 2 2
-2 3 -3 0 -3 -2
-2 0 -1 1 -3 0
-10 3 8 -6 6 -1
391 -398 -926 401 -499 -262
807 -606 -457 -904 -941 -505
1 1 2 1 2 1
2 0 2 0 0 1
2 -3 2 -3 0 0
0 0 0 1 2 1
1 0 -1 0 0 0
0 5 10 -4 -5 -8
-7 620 -824 185 893 -700
-3 -7 -7 -1 -2 6
-697 814 -679 638 -966 -709
-8 -2 4 -1 -1 6
408 -978 -95 217 45 -139
0 -7 -1 -2 10 10
8 -1 10 -10 -3 -8
0 1 1 1 2 2
2 0 2 1 0 2
912 913 -419 966 819 702
523 -748 634 391 642 -791
670 634 562 -328 -401 321
2 2 0 0 1 1
9 2 8 9 -6 8
116 553 -126 -834 472 -768
2 -2 2 -2 -1 1
2 -1 -4 -10 9 -8
-2 0 2 2 0 3
-6 10 -7 8 -1 7
1 2 0 1 1 0
0 0 0 1 1 1
-1 -2 2 0 3 0
0 1 2 1 2 2
10 -5 -10 -1 -4 7
1 2 1 1 2 1
9 3 -10 9 5 0
-1 -2 3 -2 -2 0
2 -1 3 -1 0 3
-802 -430 724 135 589 765
-61 -455 -673 -987 -427 -425
0 2 2 0 1 2
-3 -7 0 -6 -9 -8
740 -919 944 891 -80 -777
151 443 394 -640 284 -78
-334 167 336 -755 -835 -559
2 0 0 1 1 2
-5 -1 6 10 -2 3
-39 873 -336 -445 -327 148
0 0 1 0 2 1
1 2 0 1 0 1
5 8 -3 -4 -7 -8
-2 -1 -3 0 -3 0
-2 -2 -2 2 2 -2
2 2 0 2 2 1
888 -354 419 691 -98 -900
-1 1 -9 -4 9 4
-748 328 -574 730 940 -661
4 -3 -3 4 2 -5
0 0 1 0 2 2
2 -2 -1 -2 -2 -3
1 3 1 0 0 -1
-192 -774 -970 379 -905 -349
963 625 115 -559 965 -483
0 3 0 3 -3 2
546 -471 104 -289 -393 -164
-328 -707 -311 445 -399 157
2 0 0 2 1 2
1 0 1 2 1 1
798 -270 902 353 809 -199
-7 -10 6 4 -2 -10
1 1 0 1 1 2
1 1 2 2 0 1
-4 7 -4 5 -5 -9
-2 -2 -2 -2 0 2
0 1 1 1 2 0
8 6 3 9 -8 -10
-7 7 2 5 10 -7
0 1 0 2 2 2
3 -3 -1 -3 -2 -3
1 1 1 1 2 1
-848 -705 -939 -234 -633 -354
1 2 0 1 2 1
442 653 -213 -983 -302 -604
-684 288 -569 -660 243 849
0 0 0 2 0 2
0 -3 3 1 1 1
-5 -9 3 -7 -2 -3
-1 -3 8 1 6 8
0 2 2 1 1 1
-8 1 10 -9 0 10
517 206 244 -448 -228 868
0 2 0 2 0 0
-1 0 0 0 1 -3
-481 -457 318 0 -295 120
4 10 6 -5 -5 -1
4 -9 7 5 -6 2
-957 262 26 -738 298 715
3 -8 6 9 4 0
2 -10 7 -8 10 -10
512 -641 516 -284 864 -503
282 -820 490 402 -668 -309
-3 3 2 2 0 0
1 0 1 1 1 2
605 960 738 780 -987 445
1 2 9 0 -8 -10
0 1 2 2 2 2
10 -7 -4 -2 4 -3
0 2 0 1 0 1
1 1 1 1 3 -1
-458 136 651 -487 -675 46
-707 354 758 -210 -209 604
2 0 2 2 1 2
-282 75 -577 -77 -141 136
2 2 0 2 0 1
-4 -2 6 4 -4 5
1 1 0 2 0 1
317 -125 -691 -140 -723 26
3 2 3 2 -3 3
0 0 2 2 0 2
116 -86 68 568 213 -378
-6 2 1 -7 -3 -2
324 68 289 704 791 -695
-17 -251 484 523 -287 319
564 -982 -363 319 913 626
1 9 -4 -8 8 -3
-284 -423 402 -935 782 939
2 3 2 3 0 0
1 1 1 1 1 0
889 546 479 -763 -914 133
2 2 2 2 0 0
-6 1 4 2 2 -8
0 2 0 0 1 2
867 -519 561 286 -419 538
-1 -8 5 7 2 -3
1 1 1 0 2 0
1 1 0 0 1 0
-3 0 -3 3 0 0
-320 -301 -392 -796 386 633
2 1 1 1 0 0
0 -1 0 -1 3 0
900 -545 676 -55 -426 58
-7 -1 -9 -9 3 -1
3 0 -3 -2 0 2
-10 8 5 2 0 3
6 -4 -2 5 -4 -8
-2 0 -2 0 -2 -2
281 743 -615 874 -672 -210
-2 -7 -10 1 -7 -9
-2 1 -3 1 2 3
1 0 2 0 2 0
3 -2 3 -2 0 0
1 -2 1 -3 0 0
3 0 3 0 2 2
-747 -961 490 299 -399 374
-6 2 -3 5 6 4
0 2 2 2 2 2
-7 -9 -3 7 -7 7
2 -1 3 3 0 0
2 0 1 2 -1 0
-764 929 906 909 879 -489
-604 676 -786 68 431 957
990 665 -4 789 -269 -238
-263 -346 -842 -505 -770 673
-5 -3 1 -6 8 -9
-485 421 -929 419 78 -395
0 2 0 0 1 0
2 2 0 2 2 1
0 0 1 2 0 2
-3 3 -3 3 -1 -3
2 1 1 2 1 2
3 3 3 -3 0 1
1 1 1 3 0 0
-917 575 -63 -566 151 -342
2 10 1 -1 2 3
0 -1 3 -2 -3 -1
2 -1 2 1 0 -1
2 0 0 0 0 0
-3 1 -3 1 0 3
0 2 0 0 1 2
-187 -11 624 -977 -49 627
3 -1 7 3 1 -7
2 1 1 0 0 1
624 506 781 -562 91 -876
0 0 2 2 2 2
-198 903 -85 -269 -495 -612
-999 720 500 -444 -437 -989
-954 -448 96 240 -708 977
246 -799 -660 -771 -835 -121
-8 8 3 -2 4 -2
773 239 50 798 754 -756
3 1 3 1 1 0
-816 -718 752 -772 657 -608
505 106 955 -807 988 -828
0 -2 1 -1 -5 0
-5 4 2 3 -4 3
-44 945 70 -507 -130 -382
1 0 0 0 2 2
-471 908 250 598 131 24
2 2 0 1 1 2
-6 -390 -680 -545 114 341
9 4 0 1 -9 -7
-2 0 -2 0 -3 -1
774 -719 -147 -669 348 -124
362 268 393 426 530 643
1 0 1 1 0 1
0 2 2 2 1 0
-9 -5 -3 -3 -2 8
6 -10 1 9 -3 8
-1 -3 -1 -1 3 2
0 -2 0 -2 -3 -2
3 -1 -2 2 -1 1
1 3 7 -5 -3 -6
0 1 0 1 0 0
-1 -1 -1 -1 0 1
1 0 2 2 0 0
-1 3 -1 3 -2 -3
1 0 0 0 0 0
2 0 1 1 1 0
0 0 1 0 0 1
-1 -7 4 3 -4 3
-2 2 -2 3 0 0
-8 10 -8 0 -6 7
0 0 1 2 0 2
0 1 1 0 0 0
1 2 1 2 3 -3
-621 760 904 745 342 -126
1 0 0 2 0 0
2 -3 2 -3 -2 0
1 0 2 2 0 0
-2 -7 -5 -8 -8 10
-6 7 -3 -3 -7 -2
1 0 2 0 2 0
-6 2 -1 10 -4 -4
0 3 0 3 0 0
-3 -2 2 -2 -3 0
2 1 0 1 0 1
2 10 4 -5 3 -4
3 -2 3 -2 0 0
9 9 -10 1 -1 4
3 2 2 3 0 0
-2 -2 -2 -2 0 0
7 -9 5 -2 6 10
3 1 3 1 0 0
1 1 0 2 0 1
2 -1 2 -1 -3 0
1 2 0 1 0 1
416 -656 846 -424 -659 790
1 0 0 2 1 0
0 1 2 0 0 2
-528 847 924 -536 441 -57
0 1 0 0 -1 0
6 -3 7 0 1 0
0 -3 -7 -9 0 5
-1 -3 -1 -3 0 -2
-1 -3 -1 -3 0 2
5 -4 6 -3 -2 9
1 0 1 1 0 0
0 0 0 2 2 1
-3 0 1 0 0 0
1 2 1 2 3 0
-57 -307 52 308 739 719
2 2 2 0 2 1
-610 972 -441 -298 462 -904
0 0 1 2 2 0
0 1 0 1 1 0
1 2 2 1 2 2
-1 1 2 1 0 2
2 2 0 0 1 1
-1 -1 -2 -1 1 0
180 -532 862 572 -910 -641
473 933 -657 -351 936 -425
-8 3 8 -4 7 -8
10 -8 6 5 -1 -8
1 2 2 2 0 -3
0 0 0 2 1 1
-2 2 -3 2 0 0
3 -5 -1 8 -2 5
2 2 -2 2 3 2
2 -4 1 -2 -1 -7
9 -3 -3 -2 2 -7
-7 -2 2 -8 -9 3
0 2 0 1 2 2
-8 9 -1 3 -6 4
3 -1 -3 -1 0 3
1 2 2 0 2 2
-1 -3 -3 -3 -1 0
1 -5 -7 5 -5 9
-2 8 7 4 -10 -2
8 -10 0 -6 3 -7
-8 6 -5 8 -9 -8
0 0 0 0 3 0
3 -3 3 -3 1 0
2 2 1 2 1 0
-1 0 -1 0 -3 -1
2 2 -3 -1 0 -3
938 759 53 879 344 -933
846 -550 -686 -521 -542 -80
-1 2 1 2 0 0
196 -193 -219 -407 909 632
1 7 4 5 -2 -10
0 1 0 1 2 2
6 -4 -10 10 4 -8
-41 176 -873 -357 757 881
167 350 -353 877 -664 996
-2 3 1 2 6 9
362 561 972 347 -512 -486
-6 -9 0 -5 -7 2
1 2 1 0 1 2
-2 -10 -5 -5 1 -2
-8 -3 -8 -5 -5 0
2 1 1 1 2 1
2 2 0 0 0 2
427 -32 235 -349 -686 943
1 2 2 1 2 0
2 1 1 1 1 2
1 7 8 4 -2 1
0 2 1 2 2 1
5 8 -7 -7 10 9
1 1 2 1 1 1
0 2 0 1 1 1
-3 -1 1 10 0 7
2 2 2 0 2 1
503 -9 641 -245 -945 -256
10 8 -9 -8 2 -3
-2 1 3 0 0 1
1 5 9 -5 4 5
1 0 2 1 2 0
3 -3 3 2 0 -3
4 1 9 -9 -6 -2
181 -690 -546 -234 842 842
-3 1 3 0 0 0
2 0 0 1 1 2
2 2 0 1 2 1
754 208 -901 339 -635 -697
-65 -904 259 467 522 484
-858 480 -202 731 933 -985
549 -570 672 -967 132 -287
5 4 1 2 -7 -4
0 1 0 2 2 2
0 1 2 2 0 0
-1 2 -1 2 -1 -2
-4 -2 8 5 -2 -3
-2 -1 -2 -1 3 0
-120 -776 -844 835 185 -59
2 1 0 1 0 0
-2 -1 -1 -1 0 1
-202 -650 -719 -174 138 899
-2 1 -2 1 0 0
-6 7 -10 5 -2 8
0 2 1 2 1 1
51 -321 -732 -871 947 -856
-815 376 -551 -42 682 751
2 0 1 0 0 0
-6 2 8 2 6 -9
1 1 0 0 1 0
783 666 -822 -812 501 921
0 1 0 0 2 1
-9 -7 -2 -1 -10 -4
1 2 1 2 1 0
926 -921 358 -654 263 54
7 9 -9 -4 10 6
780 877 -7 589 -154 380
638 281 -477 -43 492 49
24 -3 847 101 433 -693
3 1 4 -9 2 5
-1 -2 -1 -2 3 1
1 1 0 1 1 2
-923 286 -994 -805 843 196
1 -2 1 -2 -3 0
0 2 0 0 1 2
3 1 3 1 -2 0
10 6 -4 5 -4 7
3 2 3 -2 3 0
1 1 1 0 2 2
1 -3 7 -10 4 5
-5 6 6 1 5 9
0 1 0 0 2 0
0 -7 -3 -3 -8 -6
1 0 -2 0 1 3
0 -2 0 -3 -1 0
13 122 -975 349 -895 -68
1 0 1 2 1 0
4 -8 8 -6 2 8
1 2 0 1 0 0
1 0 1 -1 -3 0
-2 -3 -2 -3 0 -3
-1 8 7 -6 6 5
3 6 -3 -6 8 -2
1 0 2 1 2 2
-2 10 10 -2 6 -6
1 1 1 0 2 2
-175 -970 -154 -720 815 269
10 10 -9 -9 8 8
0 1 0 2 0 2
0 1 2 1 1 0
3 -1 3 -2 2 0
-7 -9 7 -2 -4 10
-99 -775 222 -327 593 -731
1 1 1 1 -2 -1
-430 997 -217 982 -366 -578
-1 3 -1 1 0 3
-855 -208 -620 -2 -422 343
0 2 2 2 -2 0
-7 4 0 0 -4 8
1 0 2 2 0 0
1 0 2 1 0 1
8 4 -5 -8 5 3
0 2 0 2 2 0
-199 -758 918 -519 -265 -433
-636 -72 583 999 -822 344
0 3 0 3 -2 3
0 0 0 2 1 2
-1 3 -1 3 0 0
6 -9 9 -2 9 7
-4 -4 9 10 -4 7
-3 -8 1 -8 -9 10
-3 7 5 3 -5 -2
-3 -3 -2 -3 3 0
-159 161 225 -396 833 -927
-5 -5 10 5 -2 -8
-2 7 -10 -10 -6 -6
182 -240 -422 -574 -532 -843
2 0 0 2 0 2
6 -1 4 7 8 5
-10 5 4 5 -4 1
8 7 -9 1 -7 -4
-4 10 9 4 6 -6
6 0 1 7 9 -4
25 -494 945 -227 882 -400
5 -9 -6 -4 -5 4
937 -627 -44 -735 -158 -306
0 0 1 2 2 0
3 -3 -3 -3 0 2
0 2 0 2 2 2
208 687 547 792 750 -215
308 -914 176 -650 158 -129
1 1 2 2 0 1
-1 1 0 1 1 1
6 -6 3 -7 2 4
0 0 2 0 1 0
1 0 0 0 2 0
-2 0 -2 0 0 -2
0 1 1 1 1 2
2 0 2 0 1 1
-978 223 -542 347 925 -836
2 2 1 2 2 1
0 0 1 0 2 1
2 0 0 0 0 0
2 1 0 1 2 2
916 444 -769 -324 140 -986
6 9 8 -9 -9 -9
160 -147 21 -301 -550 -831
402 -971 682 -542 -661 497
8 -10 5 -8 -8 -3
0 0 1 2 2 1
316 -79 -976 128 -428 762
0 2 0 0 2 0
7 2 -10 8 -4 4
0 7 -3 -9 1 -3
-592 673 -372 -476 105 -283
-34 -186 121 -83 -457 -676
1 0 1 2 2 2
-5 -2 1 6 6 10
0 -9 4 -3 5 -6
-502 -551 36 964 611 889
1 0 -2 -2 2 0
2 0 1 1 1 2
804 546 -632 -271 474 -91
0 0 0 0 2 0
-941 513 -106 -841 -599 5
1 0 0 0 0 1
8 -2 5 7 -8 -2
0 1 2 1 2 2
2 3 -1 3 -2 0
988 -518 -301 128 -581 605
1 1 -1 1 2 1
396 -474 840 -690 -654 -5
0 -1 0 -2 0 -1
-3 -7 -6 2 -4 3
2 2 1 2 1 0
-799 -724 -150 279 -833 -532
-2 0 1 0 2 0
1 1 2 1 2 1
0 2 1 3 0 2
0 1 0 2 2 2
-2 -2 -2 -3 -1 -2
1 1 0 1 0 0
972 664 396 -89 -727 -496
10 1 8 6 10 9
8 3 5 1 8 -3
496 -223 884 -973 865 354
-506 965 568 -823 -838 -890
2 -2 2 1 0 2
0 0 0 2 0 2
0 0 1 0 2 0
3 1 0 -2 -1 2
1 0 10 4 -9 5
2 2 2 0 0 2
9 -1 -3 -8 3 -8
0 1 3 1 1 0
1 1 1 1 0 2
-8 8 -10 2 -4 7
9 -7 -6 7 10 1
-1 -1 -1 2 -2 -1
0 0 0 1 1 1
-636 598 -841 624 320 -442
0 1 0 2 0 0
-3 -3 -3 -3 1 -1
217 22 -532 -921 252 902
2 2 1 1 0 1
2 -1 2 -1 0 -2
6 -3 3 7 -10 3
173 -562 400 -315 -926 483
-125 -960 191 -406 341 934
5 0 -3 -8 0 5
679 452 118 -897 570 -622
2 2 1 0 0 1
-405 -699 827 272 381 -253
-2 -502 -68 -883 178 -86
0 1 0 1 0 -1
-224 97 -111 754 519 608
6 1 8 6 -10 4
0 541 97 637 305 384
1 1 0 1 1 2
0 -3 0 2 -3 -3
0 2 1 2 1 0
1 0 0 2 0 2
7 -1 -3 10 -6 -4
-5 514 352 419 -170 -318
115 278 -490 545 -347 -672
0 1 2 0 1 2
-3 -1 -3 3 2 0
-960 821 -240 -347 -377 293
91 777 -885 437 248 230
1 0 1 3 0 3
941 971 114 -196 333 422
-649 -244 -159 594 620 567
-8 2 -3 8 -2 10
3 -1 3 -1 3 0
-10 1 7 2 -10 -5
-2 3 1 1 0 0
-1 -2 -1 -2 -3 0
1 -1 -2 3 -1 0
2 2 -2 -3 3 0
8 6 -5 7 9 -6
0 1 2 1 0 1
-9 -10 -4 5 -7 1
-3 3 0 3 1 0
-1 -1 0 -1 -2 0
2 2 0 0 0 1
2 2 0 0 2 1
1 2 2 1 -1 0
3 7 -7 4 0 10
2 2 0 2 1 1
-3 -2 -3 3 -1 3
537 -13 284 985 -276 457
-10 5 -7 3 1 -8
2 2 1 0 1 2
1 -5 10 -3 -7 -9
-5 -10 7 0 -7 3
0 7 3 -7 -1 -1
-2 -3 -1 10 -8 7
-7 0 10 -9 9 2
-3 -1 -3 3 -1 0
9 0 0 5 3 2
3 -3 1 3 4 -5
-2 -1 -2 1 -1 0
1 2 1 0 0 2
-909 554 -49 -835 -631 139
1 0 1 0 2 0
-1 1 2 1 -1 1
1 0 1 2 1 0
-1 -10 -7 4 -6 -4
-1 -1 -3 -1 -1 -2
-237 309 -402 140 404 286
-733 -14 -732 -954 535 -961
-1 -7 -3 0 -7 2
2 2 0 1 1 1
1 2 1 1 2 0
-514 874 -934 -741 -335 -92
2 2 1 0 0 2
1 0 1 0 1 0
0 0 2 1 0 1
3 3 2 1 2 -3
250 536 1000 484 -4 107
1 6 7 3 -2 -6
9 -7 0 2 10 8
1 1 2 0 2 2
484 516 -986 278 -196 296
-8 8 -2 1 -3 -8
-702 193 768 2 -485 351
2 4 -9 4 -5 1
65 190 807 532 59 809
-1 -2 -1 3 2 2
4 -3 1 -5 -6 5
-459 81 780 850 -524 -293
1 1 1 0 1 0
-875 330 -791 396 172 -151
2 -1 1 2 -3 -3
-344 144 704 985 859 -114
8 -4 -8 5 6 -2
1 -10 -10 -3 5 -6
6 -2 -4 -9 -2 8
5 5 7 8 7 4
-2 -1 -2 -1 -1 2
3 3 3 3 -1 -1
1 0 1 2 1 2
2 0 0 2 1 1
2 2 0 0 0 1
2 0 0 2 1 1
0 0 0 0 2 1
2 2 2 1 0 1
0 -3 -1 -3 1 2
3 0 0 1 0 0
-3 3 -2 3 -3 0
2 1 2 -3 0 0
-2 -5 1 -9 6 -4
4 -6 -3 -4 8 -5
1 2 0 2 0 0
9 -3 2 6 -4 0
-4 5 -9 10 -4 -4
-3 -9 4 10 2 -7
1 2 1 2 0 0
1 0 0 1 1 0
-402 -631 359 -152 -307 -976
-460 -586 -498 -140 -707 -711
-2 1 -2 1 0 0
-5 -6 2 7 -7 8
476 -356 513 589 333 -500
-1 -2 -1 1 -1 2
2 -2 3 -2 -9 -8
0 1 0 1 3 0
10 7 -3 -9 -8 -5
7 -8 3 3 10 7
1 1 2 2 1 2
1 2 0 1 0 1
-8 -5 -1 -3 4 3
-91 -652 18 -978 -897 -847
2 0 1 0 2 2
1 -2 1 -2 2 0
0 3 0 3 0 0
2 1 1 0 2 0
699 649 -533 -700 -415 -849
-5 -3 3 5 6 -10
1 -2 2 1 7 0
40 -901 -363 409 655 477
-3 -1 3 -3 1 6
-482 133 61 -365 -8 -567
-3 -1 2 -1 -3 1
0 0 0 2 0 2
9 4 10 -7 -9 -6
-162 51 299 -542 -385 -639
1 -5 -8 -1 -10 -3
-9 -7 -4 1 8 9
1 0 2 2 0 1
1 0 0 0 0 0
8 -10 2 4 1 -9
0 10 7 -10 -3 -9
8 5 8 -8 -8 3
0 3 -3 -2 2 0
683 -613 293 177 492 -868
0 1 2 2 2 1
731 337 770 635 -461 144
-6 -2 -5 -7 10 8
2 1 0 2 1 0
994 -940 -227 104 846 -93
1 3 1 0 0 0
-8 10 7 -3 4 3
2 2 2 0 1 2
-1 2 -2 2 3 -2
-585 521 -795 539 480 -428
1 1 0 1 0 0
-1 3 -2 2 -1 0
0 0 2 2 1 2
-437 -986 -823 -151 155 -33
-9 8 0 -2 -8 2
1 2 0 1 1 2
-3 0 3 1 -1 2
8 2 -4 -2 -2 1
1 1 2 1 0 2
-535 -648 -355 -50 -837 765
1 -4 -10 -1 8 5
9 9 7 -9 -8 -10
10 5 -10 -7 -10 -2
525 -577 837 428 -685 -957
6 -866 136 -211 -834 468
2 8 7 5 -7 -10
442 -336 120 262 -829 -351
621 795 -37 287 84 608
-4 8 -8 1 3 -5
155 -714 -665 -702 -7 785
9 -9 -5 5 0 8
2 0 0 1 2 0
9 1 -1 2 -1 -8
-2 2 0 2 -3 0
1 1 -1 0 -1 1
1 1 2 2 1 1
612 22 138 482 -739 -803
-2 0 -2 2 1 1
5 7 -6 3 -3 -5
-416 -797 539 -472 -663 -857
-606 689 -598 -752 329 -887
-4 -10 2 -10 10 7
-476 -194 652 246 -953 104
7 10 4 -1 -6 10
-439 -856 -951 -28 489 -173
-839 38 410 -753 -462 -650
-442 -384 -962 -846 -183 912
56 -213 468 450 -7 -325
991 -719 -220 43 -401 -215
2 0 0 2 1 0
1 2 1 1 0 2
2 0 2 0 0 0
2 0 1 2 2 1
1 1 2 0 0 1
-4 -7 -4 -3 -6 -6
1 2 1 2 0 2
529 -724 -833 882 695 434
2 2 0 1 2 1
1 1 1 1 0 0
1 -8 7 -7 -5 10
-3 1 0 1 -10 0
-736 -601 -972 554 -154 -11
0 2 2 1 0 2
1 -1 1 -2 -3 3
7 -2 9 -8 5 2
-8 -835 217 -967 -591 -751
-335 -406 842 428 -460 -569
14 -523 715 -343 -287 -622
2 -3 -3 -3 0 -1
2 2 0 0 0 0
-948 411 -120 -468 -994 358
-4 7 -1 -6 -1 -3
725 -989 -715 -796 78 736
-3 1 -3 1 0 1
6 4 -9 -7 7 -1
-5 3 -2 10 7 5
-9 -2 8 0 -1 -9
1 2 1 1 -1 0
1 0 2 0 0 0
2 2 -1 2 2 0
-162 -921 -939 -789 241 -147
0 -1 -1 0 2 -1
10 -6 10 8 4 -2
2 1 0 2 1 1
0 2 1 2 0 -2
0 2 2 3 0 -2
-8 6 4 1 -8 2
0 -1 1 -1 -1 -2
269 -32 715 -353 -512 -505
2 1 0 1 2 2
2 0 1 -2 0 -1
416 -600 -693 237 -400 562
8 -2 1 -4 10 6
-713 686 -64 395 -538 -92
2 1 3 3 0 1
3 -1 3 0 -3 -3
928 105 -691 550 30 263
-1 -5 7 1 -9 -3
3 3 2 3 -3 1
-5 8 10 -5 1 1
0 -1 3 -1 2 0
-260 -144 774 -991 -343 -103
3 -9 8 -7 -2 9
867 -939 778 -485 321 -649
960 80 591 -66 -769 -793
1 1 2 2 2 1
1 3 0 3 -3 -3
2 1 1 1 1 0
0 1 0 1 1 1
1 0 2 1 0 0
4 -5 -8 5 4 3
-6 -1 0 -2 -6 -8
2 2 2 2 -2 -3
-3 3 -3 3 2 0
-8 -7 2 0 0 -1
-2 2 -2 2 -2 -2
-2 0 -1 3 -3 0
1 2 0 2 0 2
-1 2 -1 2 2 -1
-1 2 2 2 3 0
-26 419 586 -801 662 -378
133 635 358 742 -350 978
698 650 64 -901 -881 -634
9 -6 -9 -5 -1 -6
5 -4 -1 6 3 -7
1 2 1 2 1 0
-3 3 -3 3 -2 -3
1 1 1 1 1 2
-158 -767 -871 -655 927 665
-9 -5 5 -6 -4 -9
591 -477 936 -14 591 560
0 2 1 0 1 0
-3 -3 0 -1 -8 -10
537 -458 -246 -8 270 73
0 -2 0 -2 0 3
2 1 0 1 1 1
0 2 1 1 2 0
10 4 2 3 -10 7
3 3 -2 -1 -3 0
2 2 0 0 1 0
208 -108 -788 392 -469 -515
-706 117 -715 -813 -292 -690
891 770 486 -189 790 881
-8 -3 -2 -2 -1 0
-768 -527 -290 835 -962 -664
5 5 9 -1 9 -8
2 -3 -8 1 -6 -4
225 430 752 -647 -830 -709
2 1 2 1 0 0
-1 -2 7 -8 10 2
6 1 -5 6 -1 -10
1 -9 9 -2 3 9
0 -2 0 -2 1 -3
1 2 2 0 0 0
-3 0 -3 3 -1 0
1 2 1 2 0 0
0 0 1 0 2 0
2 1 2 1 -1 3
-9 10 6 4 10 0
1 0 2 2 1 1
1 2 1 0 2 2
3 -5 -9 -9 -7 8
389 323 -741 -298 109 254
-82 -381 -156 -506 767 -535
-10 -5 2 -8 -1 7
0 1 2 2 0 1
-268 -383 277 590 -367 101
3 -3 1 1 3 1
0 0 1 0 0 1
1 3 -1 3 0 2
2 1 2 1 2 2
2 1 0 0 2 0
-560 -258 567 333 -226 918
-580 -370 -650 939 950 -545
0 -6 1 2 -4 2
-3 10 -10 -10 -7 -2
1 0 2 0 0 0
-855 -958 -52 -236 -195 -729
0 2 0 0 2 0
1 2 1 2 -2 -2
0 0 0 -3 0 -2
1 1 0 1 1 2
1 -2 1 -2 0 0
-876 913 816 86 -432 75
-1 3 -3 3 1 0
1 -7 10 4 -5 -6
-1 0 -1 0 0 0
-4 -10 5 -7 -6 -5
-3 -2 -7 9 -5 9
4 -4 -9 -10 -4 -6
0 1 0 -2 0 -1
-3 9 4 -8 -2 4
1 1 2 2 1 0
-3 -2 -3 -2 0 -1
2 0 1 2 1 1
1 2 1 0 0 1
736 979 -533 -570 508 -749
-3 2 -1 -3 0 0
1 2 2 1 0 0
775 -330 -298 -8 -669 914
-411 59 911 862 526 -283
8 -5 -4 5 5 6
531 281 -651 -567 555 -517
-675 -931 73 -612 -147 -576
1 3 1 3 -1 0
2 0 0 1 1 0
2 2 2 2 0 0
-3 3 1 3 -1 -2
1 -2 -4 0 -8 1
3 8 10 -5 -5 -10
1 -1 1 -2 0 1
-3 1 8 -7 -8 -10
1 2 1 1 1 0
-948 -993 385 28 577 -774
-9 1 3 6 10 -7
0 0 -1 0 1 1
5 10 -3 -2 -5 6
-1 -3 2 -1 -2 0
0 1 0 1 3 0
386 708 -794 662 820 878
2 0 2 0 -2 -1
2 1 2 1 1 2
0 -1 0 -1 0 1
-5 10 0 9 10 -3
-2 0 -2 0 0 1
6 -1 -2 9 -1 -9
1 0 1 1 0 1
1 1 2 2 2 2
2 2 1 1 0 0
641 -638 121 207 -133 652
-8 -5 6 0 -3 5
2 2 0 2 2 0
-214 452 559 -361 -487 481
0 3 0 3 0 0
-3 1 1 1 0 1
757 -944 -672 -744 87 638
-2 2 -2 2 -1 -2
0 2 0 1 2 1
8 -2 -7 -10 -4 -8
0 -3 0 -2 -10 10
-1 -2 -3 3 0 0
352 486 -664 551 883 982
-2 2 -3 -3 0 -1
-220 125 -68 -125 -165 -604
-405 -905 124 -986 334 588
3 4 -10 4 -7 7
0 -1 0 -1 0 0
2 2 2 2 -2 0
2 2 1 1 2 2
-3 2 -3 -2 0 2
0 1 1 2 0 0
2 1 2 1 1 0
704 -820 66 -237 -822 18
0 2 2 0 1 2
-8 10 -10 7 -5 2
2 2 1 1 1 1
-958 172 230 -610 -515 769
2 2 0 0 2 2
80 -258 -261 -292 -338 120
0 0 1 0 2 2
-950 -408 -863 217 503 738
155 -961 652 815 -674 -474
4 -6 -7 7 7 3
804 -378 392 -325 -148 961
-3 -2 -1 -3 0 -2
8 -10 -10 8 8 9
8 8 -10 9 -5 -10
-282 588 583 -586 -33 -901
-9 -2 0 -7 1 6
-2 1 0 1 2 0
1 0 2 0 2 0
2 0 1 0 1 0
-3 -2 -3 -1 0 0
-852 -410 84 988 669 115
-2 2 -2 -3 0 0
2 2 0 2 1 0
-348 -421 -841 -25 -331 -782
0 0 2 0 0 0
2 0 2 0 0 1
2 2 2 2 1 0
-1 -3 0 3 0 0
2 2 1 1 1 0
2 1 2 2 2 2
2 1 2 1 0 0
-1 -9 8 6 0 -2
-754 755 714 121 -147 -683
-6 8 -10 -9 8 0
1 2 0 0 2 2
-3 -3 -3 -3 -2 0
0 2 2 0 0 1
4 -1 0 -7 -8 7
-2 -3 3 0 -3 0
9 -1 2 -3 -5 4
2 0 1 1 0 1
1 2 2 2 2 1
1 2 0 1 2 0
-503 -74 160 -795 56 -11
-2 3 -2 3 0 0
-5 6 4 8 -9 6
0 6 0 -3 -7 -7
-58 -525 147 -385 -870 -814
695 -355 343 -359 -456 687
899 -138 -748 599 -987 -189
-371 -315 0 666 -427 -924
-4 -6 4 -3 -5 -7
2 -1 -1 -1 1 -1
-311 -810 692 530 -321 708
3 -5 8 9 -5 -2
1 2 0 2 0 -2
-6 -5 3 -4 -5 0
9 1 0 5 7 0
2 3 -1 3 0 -1
0 2 0 2 0 1
-5 -9 0 4 -7 -2
590 -820 232 758 808 -213
0 0 -1 2 -3 -1
-5 -5 4 -7 -2 1
6 5 0 9 2 0
10 -1 8 -5 7 6
2 0 0 2 2 1
7 6 -5 1 -8 7
3 0 3 2 -1 1
4 -3 6 1 0 7
-417 122 -702 -118 192 -646
-799 -322 -406 934 -126 920
-485 -750 -250 -173 924 444
0 2 0 -3 0 2
7 5 -1 -7 -3 7
-932 767 32 -75 -369 -698
3 1 0 8 -6 8
-911 564 -809 226 504 -994
0 0 1 2 1 2
0 2 0 2 0 1
0 -6 -1 8 7 2
2 1 0 1 0 2
2 3 1 3 1 -2
-8 5 -7 -1 1 -9
7 -2 4 -1 -1 -10
8 -3 10 3 10 -4
-7 -6 9 -10 10 -7
753 -120 -129 945 -619 31
1 0 1 0 2 2
0 -2 3 -2 -3 -1
2 -3 2 -3 0 0
-1 -2 -1 -2 -2 0
0 0 2 0 0 0
0 0 0 1 1 1
10 -7 -6 -9 1 6
291 -849 756 -946 -776 211
1 1 1 0 2 0
6 5 2 -2 7 -3
-303 427 666 -566 338 171
-1 -3 -3 -3 2 -5
-617 766 912 558 288 -441
952 644 25 274 -32 972
0 1 2 2 1 1
2 1 -1 -3 0 0
2 1 2 2 0 1
2 2 0 0 2 1
1 -1 3 -2 2 0
189 -112 767 -804 574 69
1 2 0 0 0 2
286 -76 615 -119 -996 842
-731 -883 -54 392 -714 960
0 -9 10 -2 -1 -5
1 -2 -3 10 -8 8
0 2 0 1 0 0
170 -185 83 717 605 78
2 2 2 0 0 0
143 -491 214 648 999 -726
-3 -2 2 -2 0 3
1 2 1 2 -2 3
1 2 1 2 1 2
316 892 918 677 -922 -214
2 10 -8 7 -5 -4
3 -2 3 -1 2 3
46 563 -889 -806 -205 157
0 0 1 2 0 0
-2 1 -2 2 -2 0
-128 404 960 910 -834 -751
-757 -981 -94 -321 795 57
468 582 -809 -14 85 -319
-2 903 81 106 368 -134
515 402 235 -164 -453 272
-2 -2 -2 -2 0 2
2 0 0 2 0 1
1 3 1 3 0 -2
1 0 1 2 0 0
1 -1 1 0 0 0
0 2 0 0 2 1
-1 -3 -1 3 0 3
-52 -3 667 -387 207 -85
1 2 1 1 0 2
2 1 2 2 1 2
9 6 -10 2 3 -8
989 -203 -291 -369 448 863
-3 -176 -204 898 -654 -129
0 2 0 -2 0 0
-1 3 -1 3 2 -1
1 1 2 0 0 1
931 909 734 -483 968 340
2 1 -3 1 -3 0
-1 2 -1 2 -1 -1
-5 -7 -5 0 -2 -3
2 0 0 2 2 2
1000 -21 -201 -755 706 546
0 1 1 1 0 1
-3 3 -3 0 -2 0
447 892 541 -585 347 -360
-7 -7 3 7 -9 10
-1 -1 0 8 2 -5
1 0 0 2 0 0
0 1 0 1 2 1
2 1 -2 1 -2 1
833 581 699 -615 836 407
0 2 0 1 1 2
-6 6 9 -1 5 10
507 72 -628 -679 -972 157
896 -749 -486 59 400 -237
2 -2 2 1 3 3
1 0 1 1 0 2
3 3 8 -2 -10 -2
0 0 1 1 0 0
3 0 3 -3 1 0
3 -1 3 2 0 3
-3 2 -3 3 3 0
638 -269 -293 -221 -820 355
157 794 339 -587 122 -437
5 9 -8 -10 -8 -6
2 2 2 1 1 1
-800 -906 560 347 571 -365
8 0 1 2 -6 9
1 1 0 0 0 1
16 337 -758 431 48 -364
8 10 -2 -1 8 -6
-934 -868 -761 -757 692 -438
2 2 10 5 10 -2
-412 882 145 629 -677 605
-1 3 -3 3 1 -1
-1 4 -9 9 -3 8
-790 -303 7 740 -203 998
-768 -157 30 -516 702 753
2 3 1 1 1 -3
2 0 1 1 2 2
2 2 2 2 3 0
-319 -93 470 914 918 539
-6 -10 -3 -3 8 9
2 1 2 1 0 0
0 2 0 0 2 2
-3 3 -3 -3 3 3
-219 -350 -177 -958 437 266
-1 -3 -1 -3 3 0
1 2 1 1 2 1
2 2 2 1 0 2
868 550 -860 844 667 638
6 8 -8 10 -6 -2
0 0 1 1 0 2
-356 869 38 349 -967 -920
-2 -2 1 -1 0 -2
-175 391 -474 -254 -521 -786
369 -258 -813 302 144 -872
0 1 0 2 2 0
-237 305 629 -744 -84 -9
220 770 504 750 435 -175
1 -1 8 -1 3 -6
580 839 90 -509 -852 579
8 -4 -7 -7 -9 3
2 0 2 0 1 2
2 2 0 0 1 0
-540 516 503 -93 -352 -972
0 -3 -3 2 1 0
3 4 -8 9 9 -1
1 2 -2 2 0 -2
7 5 -5 -4 5 7
0 0 1 2 2 0
2 1 2 2 0 0
0 -3 -2 -3 2 0
-6 -7 10 7 -7 4
1 2 1 2 2 2
795 -664 775 737 858 -459
-109 288 657 897 -10 790
1 0 0 0 2 0
2 2 2 0 1 0
-3 3 -2 3 1 -3
9 7 -4 -4 5 5
0 1 1 2 0 1
2 -3 -2 -3 0 -3
79 -169 864 361 -527 -956
269 -565 -186 585 -277 665
0 2 1 2 1 1
0 2 2 2 -1 0
-3 -2 -1 -5 4 -5
446 -232 -425 -267 -805 -154
1 2 0 0 1 1
0 3 2 -3 0 0
444 -298 -502 -944 437 -434
-9 -8 -9 -2 -3 6
2 2 1 1 2 0
2 2 2 0 2 0
-147 -688 -985 -470 -551 73
0 0 1 1 0 2
1 -3 -3 -3 2 1
-1 -2 -3 3 0 -2
-3 3 -2 0 -8 6
198 -321 -110 -212 133 -819
10 2 -8 6 3 4
-964 -726 422 766 -754 790
-878 156 307 163 0 -659
826 303 26 833 941 -846
869 398 906 752 625 -628
-450 661 970 -584 -415 -97
-1 2 -1 0 0 -2
-86 615 616 -603 319 -458
424 171 -932 795 -9 -219
-817 -138 -626 301 362 -409
-3 0 -3 3 1 0
-4 10 2 2 -9 8
-505 379 23 673 -112 -611
-2 -8 3 2 -3 7
-2 0 2 -3 0 0
-5 -7 7 -10 -7 7
2 2 2 1 2 1
3 -2 -5 1 -6 7
10 8 9 4 7 5
0 0 0 2 2 2
1 2 1 -3 -3 2
0 1 2 2 2 1
0 -3 0 -3 2 0
1 -2 -1 -2 2 2
-90 236 280 305 480 202
0 0 0 1 1 2
9 -5 5 1 -10 -4
-4 2 -2 2 1 9
-492 833 -909 839 -763 971
756 330 -303 -936 -35 23
0 1 1 1 0 1
115 63 -263 -525 143 209
2 -1 2 -1 0 2
0 1 2 1 2 0
1 2 2 0 1 0
3 5 -6 -5 -5 4
1 1 1 2 2 0
9 -3 -2 7 -6 -2
-2 0 -2 -1 -1 0
-3 -8 7 -7 -8 -9
1 1 1 1 2 2
1 1 0 1 0 1
2 1 2 2 0 2
-785 583 874 -767 -485 275
821 106 278 -213 -110 397
2 2 -3 2 -2 0
0 0 1 2 1 2
-590 -831 876 -590 -246 96
1 1 0 1 0 2
-7 7 -1 8 -1 3
10 10 -8 -8 -7 5
-1 -10 1 5 3 0
-3 1 -2 3 2 -2
8 -8 -3 10 -10 -2
1 2 2 0 2 2
1 1 1 2 2 0
0 6 -3 2 1 -8
0 2 1 2 0 1
1 2 2 2 1 2
-8 -5 -8 9 -7 -4
-424 669 946 -266 125 -585
-2 3 -2 3 -3 1
2 1 1 2 0 0
0 0 0 1 0 2
0 2 3 -1 0 0
1 2 0 0 1 2
3 3 -1 1 2 0
-5 8 7 -2 4 -5
0 2 0 2 1 0
-9 9 9 2 -1 3
0 2 1 1 2 2
45 -92 -678 543 172 -195
-956 112 -436 -638 -713 373
0 2 0 2 2 -3
6 8 -3 -4 -4 -5
2 2 -1 -1 0 3
-119 714 -12 111 -839 322
9 -9 -2 -3 2 9
6 9 2 -7 6 -5
9 0 -2 4 -9 2
2 1 1 2 1 2
-10 0 -7 -7 -9 -5
8 -2 2 -2 10 -9
-341 -192 -76 191 -464 -783
0 0 1 1 1 1
-6 -7 -7 7 -9 0
-7 8 5 -1 4 7
-1 0 -1 0 0 0
-1 -2 0 -2 0 1
391 929 -735 -118 90 -284
-2 1 1 0 3 0
177 -621 -850 -597 -630 674
-3 -1 -3 -1 0 1
1 -8 0 10 2 8
-232 -381 943 -678 -89 393
-405 -966 -177 -341 988 -517
0 1 1 -2 -2 0
-1 3 -1 3 3 -2
650 864 67 -61 996 -524
2 1 0 0 1 1
1 0 2 0 2 1
1 2 1 0 2 0
0 -1 3 -1 0 1
-7 8 7 8 -2 3
-372 -188 -959 336 -805 -136
-2 -9 -4 -7 -1 7
1 1 0 2 1 1
3 -1 0 -1 0 3
-904 -585 -223 -425 -827 860
-2 -2 -2 -1 -1 -2
-126 180 -205 983 -894 -339
-3 -7 -4 -10 -7 -2
-626 -998 -317 -444 479 -939
0 3 -1 3 0 -3
3 -1 2 -1 -3 1
2 2 2 2 -1 -2
-862 282 760 -842 666 -705
148 -510 -897 -922 -919 759
8 0 5 -3 6 -9
-4 9 7 1 2 -1
2 2 0 1 2 0
-164 605 369 630 -210 146
-1 3 -1 3 0 0
-23 -177 220 363 -997 -889
895 143 683 -435 767 375
2 7 0 9 10 -10
2 0 0 1 2 0
0 2 2 1 1 0
-1 -9 -2 -3 -5 0
9 0 -10 6 2 -5
2 2 1 1 1 0
-2 -1 -2 -1 0 0
0 1 0 2 2 1
1 0 1 1 1 1
659 634 112 208 65 -178
-1 -7 9 10 0 4
3 0 3 0 -3 0
-3 3 1 -2 0 1
44 -929 -762 753 962 320
1 0 2 2 1 2
2 0 0 1 1 0
-289 838 712 -820 -891 309
10 0 -5 10 -7 8
242 -710 377 -647 -885 772
2 0 0 1 2 0
-2 -1 -2 3 0 0
2 0 3 0 0 2
-9 0 -9 6 -4 4
-1 -9 3 6 5 -3
-2 10 -2 9 -2 0
0 1 0 1 -3 0
3 1 3 1 0 0
928 164 989 -889 -866 527
-9 7 -3 -8 0 1
3 1 3 1 0 0
-109 -998 -323 -602 -696 -707
30 -143 -371 815 75 669
712 -185 -21 -855 889 -884
4 1 9 -9 8 1
0 2 1 0 2 2
-3 -2 -2 -2 0 0
3 2 3 2 2 -3
1 0 1 1 0 2
-2 0 -2 -3 3 1
0 1 0 -1 0 0
0 0 2 0 0 1
9 5 5 7 10 2
-9 -2 10 8 -7 3
2 2 2 2 0 0
8 6 -10 0 8 -3
2 1 1 0 0 0
3 1 3 1 0 0
525 -473 -411 -959 -949 -619
-1 2 -1 3 -1 -1
-3 -3 -3 -3 -1 0
225 -232 -272 698 -159 -638
363 -139 583 109 -43 -714
1 2 0 0 2 1
304 -116 83 -354 451 -879
699 -556 438 794 95 -390
2 -2 2 2 0 -2
-1 -5 2 6 -3 4
0 1 2 1 0 0
-161 333 -560 755 172 911
1 0 3 2 -3 1
0 2 1 0 1 1
-1 2 -1 2 1 -1
0 8 7 -10 0 3
-1 -10 8 6 4 -4
-1 9 -6 -8 5 -1
-3 -1 3 -2 -2 0
7 2 -7 2 -2 -2
1 0 1 0 1 0
1 2 0 1 0 2
213 -27 -414 76 830 -986
-897 -285 143 -360 -394 -549
2 2 -3 2 1 3
-535 -995 -313 -40 -967 216
-968 -363 -399 643 386 879
952 710 -794 299 -842 -190
-3 1 -3 0 0 1
-867 -744 824 470 297 329
-4 5 8 9 -10 5
-1 5 -3 7 -2 2
3 -2 -1 2 -2 0
2 2 -1 2 0 0
344 985 900 169 -506 221
282 594 501 -726 840 830
1 0 2 2 2 1
1 2 2 0 1 0
-514 110 -111 -656 -655 385
2 1 0 0 2 0
1 2 0 1 1 1
-9 -1 -6 6 3 9
3 -7 -10 3 -3 3
212 840 933 990 968 -571
4 954 161 -411 977 -376
-184 -162 -271 -737 -193 989
6 2 -10 -4 -10 6
1 -2 1 0 -2 0
8 5 6 -1 -9 3
1 0 2 0 2 2
-3 3 -3 3 -3 1
859 -151 -266 -893 649 -819
-1 209 -297 625 835 -570
1 1 2 2 1 1
-5 9 7 -8 2 -8
-6 1 -9 3 -5 6
295 -411 979 -878 -660 -983
5 -4 -6 4 10 6
-3 3 0 3 -3 -1
0 0 1 1 1 0
-1 0 -2 -2 0 3
34 178 -965 -462 -727 -252
2 -3 1 1 0 0
-3 -5 9 10 2 10
1 0 0 0 2 0
-1 1 2 1 -2 0
1 2 2 0 0 1
-133 -917 757 -147 -720 585
3 2 2 -2 3 0
-3 -1 -1 6 -5 -1
-8 -8 9 -4 -9 2
-2 -3 -2 1 0 3
-5 -9 -7 -7 -6 -4
8 4 -7 0 5 -1
1 1 0 1 1 0
-7 8 4 -5 2 -8
4 -7 9 -4 2 -10
-5 -1 6 6 3 -4
-5 2 8 5 5 7
445 624 -208 536 -163 294
-2 -1 -1 1 -2 2
0 2 1 0 1 1
-3 -3 -3 -3 1 0
1 0 1 0 2 1
26 71 -119 -235 -3 485
0 0 0 1 1 2
-3 3 -1 3 0 0
0 2 0 0 2 2
-10 -7 3 -10 10 4
4 1 -9 9 5 -3
-3 -3 -8 -3 6 -5
2 1 1 1 2 0
-2 -3 -2 -1 0 0
-2 -1 -1 3 0 -3
7 -4 6 -9 -1 4
-6 -9 -4 -3 5 -4
0 -2 0 1 -2 -1
584 -68 862 -752 -680 -870
0 1 1 0 1 2
0 -2 0 -2 -1 -3
2 1 0 1 0 2
0 2 0 1 2 2
5 6 4 9 1 -4
-1 1 -1 3 0 3
3 2 1 0 -2 0
2 2 1 2 0 2
-266 -640 305 275 -582 445
44 -514 616 345 995 -265
714 -767 339 391 -57 271
2 2 2 2 0 0
-1 -3 6 -5 8 -9
3 3 3 -1 1 0
0 1 -1 1 -3 0
4 10 -5 -10 -8 -5
2 1 2 1 2 1
1 1 2 1 1 2
-17 -784 785 -242 516 993
-2 -5 -1 4 0 6
-2 1 -3 -2 2 -1
112 161 -255 -239 181 975
-3 -2 -3 -2 0 2
-1 -8 -4 -1 -9 8
716 -273 361 570 937 -857
3 3 5 1 6 -8
-1 -3 -2 0 -2 -3
-3 2 0 2 -3 3
2 0 0 2 1 0
1 -1 -3 -1 1 0
612 -574 891 186 -699 -148
679 -929 778 -763 -286 56
-3 -3 1 -3 0 1
1 2 1 2 0 2
-986 -489 -334 271 27 -31
-143 -98 -906 825 326 -143
1 2 1 1 2 0
-731 340 -304 -916 -180 192
0 2 1 0 1 0
3 -5 -2 -9 -9 -3
0 0 1 1 0 0
42 -10 978 818 -825 -709
-1 3 3 3 0 -1
1 1 1 0 0 0
-908 307 477 107 -995 787
438 598 -383 -127 -829 430
0 1 2 2 1 1
-3 3 -3 3 -2 -1
-1 3 -1 3 -2 0
0 0 2 1 0 1
2 -3 2 -3 1 0
-6 -9 -8 0 1 -10
-1 0 -1 0 -2 -3
2 1 2 2 1 0
-4 5 6 5 -2 5
-4 -5 -1 8 10 6
-1 3 1 3 -2 2
-651 568 -207 -336 385 -445
1 1 1 0 2 0
2 2 1 0 2 2
105 249 114 -349 912 -477
-7 10 8 1 -1 -1
-2 -3 1 -3 -1 -1
0 1 1 1 1 1
2 2 2 0 0 0
4 10 -9 -7 -5 -9
2 2 2 1 0 1
760 84 817 31 -673 948
1 1 1 0 0 2
2 2 1 1 2 1
0 -1 1 -1 0 -3
1 -1 1 -1 2 -1
1 1 1 2 2 2
-5 -3 -4 -5 -3 2
0 1 0 2 2 2
1 -2 1 2 2 -1
1 -1 -1 -1 -2 1
5 1 -9 -8 -10 1
3 1 3 1 -3 -3
2 0 0 0 0 0
624 -487 95 -55 -476 304
-6 2 -5 9 0 -10
225 -23 122 678 -226 204
-1 1 -1 1 0 -3
1 1 1 2 1 1
7 0 -6 -5 3 10
2 1 0 1 2 0
-1 3 -1 3 0 3
1 1 2 2 2 0
-708 838 478 -853 374 -273
-1 -5 10 -6 -8 1
0 0 1 1 2 2
0 1 0 1 0 1
-6 -6 2 -6 1 0
-25 387 528 -182 -912 143
494 -769 646 810 -572 -249
-3 -1 -3 -1 0 -2
292 -750 -714 -705 -308 -645
-864 315 -998 594 -16 -298
0 3 1 3 0 0
-1 0 -1 -1 -1 3
2 2 1 1 2 2
29 -85 -561 -423 404 868
0 1 1 1 1 0
1 2 1 2 1 0
1 -8 1 1 -5 3
-2 5 10 1 -5 4
-2 0 -2 0 -3 0
980 -1 283 -412 -434 -678
1 2 9 -1 5 9
1 1 2 0 1 0
792 -463 -18 -969 -486 29
4 7 -1 -3 7 -1
108 -442 -578 80 59 551
2 2 2 2 0 0
-3 -2 -3 1 2 -2
-4 6 10 4 -5 6
2 -2 2 -2 0 3
-1 1 -1 -3 0 2
-471 -88 477 201 480 -922
3 2 3 2 0 -1
-850 599 -134 584 546 -177
535 -45 255 -809 201 -602
1 0 1 1 1 1
400 -237 -868 797 -27 -573
1 1 2 1 2 0
845 56 -146 -143 -170 610
0 1 2 2 0 0
-93 7 -750 937 -437 746
860 357 -732 906 -383 380
3 2 3 0 0 0
1 2 1 2 0 0
0 0 0 2 0 1
1 -3 1 -3 0 0
539 -369 462 -511 -706 -720
1 1 2 1 2 2
-2 1 -2 1 0 -1
3 0 0 1 -1 2
0 2 0 2 1 0
1 6 -3 -8 -6 -10
-2 -3 -2 -3 0 -3
-9 5 -10 4 6 4
1 2 2 2 0 0
-481 780 -715 -438 967 64
-5 9 -1 -9 -1 9
472 453 -41 -29 -842 -740
2 -9 1 -7 -9 7
1 -1 -8 7 1 10
2 0 0 0 -3 0
-3 -3 -1 -3 2 2
211 500 578 583 545 387
-933 686 643 -337 -694 -718
0 1 1 1 0 1
1 0 2 0 2 0
-1 8 4 2 -4 -3
3 1 3 -2 2 2
-80 720 -454 -359 151 -447
0 2 2 0 0 1
468 152 -104 416 -103 -680
-6 8 -6 -2 10 -5
3 2 2 1 1 0
1 1 2 1 1 2
-3 -2 0 -6 -6 -3
0 2 2 0 1 1
806 -592 729 -544 -490 420
0 -2 -3 -2 2 3
1 1 3 1 0 1
9 0 9 9 0 -5
9 1 8 6 -3 0
2 -1 2 -1 0 0
-1 1 -1 2 0 -2
-994 649 262 579 525 -639
1 -3 1 -3 1 0
-8 7 -10 8 9 -9
7 3 0 -1 -3 8
10 1 5 -5 -8 2
-3 1 -3 2 0 1
2 2 1 2 1 0
0 1 2 0 2 0
-6 -2 -3 1 -3 -8
0 1 1 1 0 2
2 1 1 2 2 2
1 1 1 2 0 0
-5 7 1 -7 0 3
0 3 0 1 -3 2
-5 9 1 3 -1 -3
1 -1 1 3 -3 1
511 -784 35 702 478 930
2 0 1 2 0 1
0 0 0 2 2 1
9 3 -2 -5 6 -6
1 -1 3 -1 0 -3
2 1 2 2 1 0
-4 10 -1 7 0 5
-3 2 -8 9 -8 3
0 1 2 1 2 2
295 -164 -789 -134 612 727
-8 0 -2 3 0 0
0 2 1 0 0 2
-1 2 -1 -2 -2 0
0 2 0 2 2 0
-312 -677 8 425 929 631
0 0 0 2 0 2
-1 0 0 -2 2 1
0 1 1 2 2 2
-4 -7 1 4 0 4
0 1 0 0 0 2
-5 -10 -10 1 -6 -4
0 -3 0 -3 -3 3
6 4 1 3 7 0
-3 5 7 -8 3 9
2 1 0 1 0 2
10 -2 -1 7 0 0
0 0 0 1 2 1
-3 -1 -8 1 -4 8
-10 1 -1 9 1 5
-499 977 -480 155 -188 337
-94 -839 -659 -445 -44 -196
1 1 2 0 0 0
0 2 0 2 -3 3
10 -6 7 -4 5 3
0 1 0 1 1 1
-6 -10 3 -9 -4 0
-127 841 -811 -431 492 -850
-3 -3 -3 -1 -1 3
2 1 0 1 1 1
-9 -8 2 -8 8 -4
0 0 2 1 0 2
-111 -454 -924 -625 -621 375
1 2 0 1 2 1
1 1 2 1 0 0
-8 -3 -3 9 2 9
9 -9 3 -7 1 5
8 -7 2 1 1 8
-1 -3 1 -3 0 -2
1 2 2 0 1 0
-1 -3 -1 -3 1 2
-543 -678 -821 -624 -652 -418
3 0 1 -2 1 2
2 2 2 2 1 2
4 -5 0 9 7 5
3 3 2 3 3 -2
808 159 -668 335 -666 821
704 -582 -717 -14 -653 829
2 0 0 2 0 1
-108 -493 -503 22 -626 855
123 300 -828 -445 -726 -228
10 0 7 -2 6 6
950 -687 400 -813 351 355
-408 -736 842 -121 -694 697
0 2 0 1 0 0
0 1 1 2 0 0
-3 -3 -3 -3 -2 0
-1 8 7 -8 6 -8
611 963 -353 -951 -375 257
2 -3 2 1 -1 -3
-87 709 -367 -986 89 249
-3 1 -3 1 0 0
1 2 2 2 1 2
1 0 2 0 1 2
2 1 0 2 0 1
629 -20 72 466 -45 530
0 2 0 1 0 0
754 -56 -911 -180 651 -40
0 2 2 1 0 1
-2 -2 -2 -2 -1 0
-6 2 -10 9 -4 -10
3 2 3 2 -3 3
-2 0 -2 -2 3 -1
-9 4 -2 9 9 -9
4 4 2 10 -1 7
242 944 252 -97 560 589
2 -1 6 10 -3 -6
-2 0 -2 0 1 0
1 1 2 0 0 1
0 2 1 1 2 0
8 -4 7 -10 1 10
343 569 773 -228 753 747
-321 69 316 378 557 305
2 2 1 2 1 0
-10 -3 7 -3 7 7
1 0 0 0 1 2
2 0 0 0 2 0
0 3 0 -2 0 1
-774 294 413 742 821 -836
986 711 -673 -782 512 -46
8 2 -5 2 0 -8
262 269 -526 615 -888 -162
-3 -3 -3 0 1 3
9 10 -2 2 -9 -1
2 2 1 1 2 1
-895 945 925 790 60 -478
3 5 -3 -5 1 -3
-5 -7 9 -2 -8 -10
-6 5 -9 -5 1 -8
380 -892 -468 676 -759 996
271 -400 -475 -415 620 -300
-2 2 -3 -3 0 0
374 -951 -214 116 218 -785
0 2 0 2 2 2
-1 0 -3 0 1 -1
2 2 2 1 2 1
9 -1 9 0 0 -4
0 1 -3 1 -3 0
0 2 2 0 0 0
1 1 0 2 0 0
3 3 3 1 1 0
0 1 0 1 2 1
0 0 2 1 2 2
2 -3 2 2 0 0
466 286 -765 -424 553 211
0 1 2 2 2 2
1 2 1 0 2 0
-2 1 1 1 0 0
3 -3 -3 2 0 0
3 -3 3 -3 0 0
-10 -10 8 -10 3 5
-8 -9 -8 8 -9 -7
1 2 2 1 0 0
738 -422 -123 -523 210 644
-9 2 4 -3 -6 -8
3 -3 -3 3 0 0
240 -25 412 -266 119 -823
583 -573 826 -462 543 755
976 -819 -532 -168 17 -631
958 -975 -576 765 271 370
-7 5 10 -1 1 -6
-5 -2 9 9 -6 10
-7 -9 -9 1 -5 -6
950 -310 99 -791 373 666
-462 819 770 -927 -669 -185
8 2 -1 -1 4 2
1 0 1 0 0 0
0 0 0 2 1 2
-1 8 -4 -10 10 8
9 -9 1 0 -3 -1
2 1 2 0 0 0
2 2 2 1 0 2
1 2 0 2 0 2
1 -3 0 -3 1 2
1 -2 0 1 0 1
-2 6 8 7 -9 2
479 -864 597 -698 501 281
-1 -2 -1 3 1 -2
1 -3 2 3 -5 8
-948 661 467 550 -237 -405
-6 7 4 7 8 0
-1 2 -1 2 1 -2
0 -1 -1 -7 -8 -1
-464 202 -170 242 -960 995
1 0 2 2 0 0
10 -6 -5 5 6 1
179 417 -530 -120 -309 840
9 -3 1 -4 -6 1
0 2 2 0 1 0
0 1 0 1 0 1
3 -10 -7 7 7 7
2 2 2 0 2 2
0 0 1 2 1 1
58 -878 -217 -744 -421 39
0 2 0 1 -1 -2
2 2 0 2 1 1
-3 -3 -3 -3 0 3
6 -2 7 -5 -1 4
-2 2 -2 2 3 3
-716 -179 -188 677 106 -98
-6 -8 -1 -8 8 -4
0 0 -2 0 -2 1
951 -140 772 506 832 792
1 1 2 1 2 2
-3 1 3 0 3 -2
0 2 0 0 1 1
2 2 0 2 1 1
435 879 -410 -817 268 -918
6 4 -2 5 4 -9
0 0 1 2 0 1
-845 -250 -160 -939 -456 132
-10 -8 -1 8 -8 -5
27 -619 932 986 600 946
-166 616 221 -486 265 873
-442 177 -956 25 510 -596
-495 213 -259 172 -451 -380
733 315 102 732 -206 -913
-3 -2 -2 -2 0 -3
1 0 1 1 0 0
2 1 2 0 1 2
465 719 -910 461 -515 378
2 0 1 2 2 1
2 1 2 2 1 2
-141 329 781 -266 604 -612
1 0 2 2 2 0
-461 -957 529 -397 -630 -660
-3 0 -3 1 2 0
-679 798 754 -686 754 441
6 6 1 -7 6 -8
6 -1 0 -8 -6 4
213 -870 -223 716 869 472
-1 3 -2 -1 2 -1
0 0 1 2 0 0
308 52 324 247 -147 779
-3 -2 -3 -2 2 2
2 0 2 0 2 0
1 1 2 1 2 2
2 -10 7 0 -2 10
2 0 0 1 1 1
-6 -4 9 -9 3 -7
0 0 0 -3 0 1
732 -82 833 163 37 763
3 -3 3 -3 0 -1
840 -806 470 -222 158 -722
-775 157 -13 406 822 -186
472 731 999 96 253 -543
2 -2 0 -2 0 1
2 2 2 2 2 1
0 0 2 0 2 1
962 855 -826 301 -48 -818
0 2 2 2 0 2
222 -166 -903 166 -995 501
0 0 -4 0 2 6
1 2 1 1 0 2
3 1 3 1 0 0
3 -2 3 -2 0 0
-2 -1 -2 -1 0 1
1 1 0 1 1 0
-7 -10 6 8 2 3
-3 1 -1 1 0 -2
-1 0 1 -2 0 0
2 1 2 0 0 0
-656 -417 545 -553 -650 -874
-2 -10 -5 7 10 -8
2 2 2 2 0 0
-3 2 -2 -2 0 -1
1 -4 -7 -6 -1 1
1 3 8 10 -9 2
2 0 2 0 2 0
-1 2 -1 0 -1 -2
652 949 131 809 -742 500
-403 -726 -279 -899 -184 501
2 1 2 1 0 0
2 2 2 1 1 2
6 311 -397 797 -914 -864
-10 10 5 0 -9 -3
-343 -776 -325 595 -830 704
-2 0 0 -2 -2 -3
-6 -6 9 -8 -2 -3
574 216 -334 91 318 -297
3 1 3 2 -2 -2
4 4 -9 -6 3 2
-8 -6 1 7 3 -1
0 3 -1 3 0 0
-2 -1 -3 -1 0 0
1 0 1 2 2 0
-2 0 -2 0 0 2
3 3 3 3 -3 0
-1 2 -1 1 0 0
4 -6 8 -9 2 -7
1 3 1 -3 -3 -3
-785 -63 -721 874 945 -614
1 -2 -2 -1 -3 1
-2 -3 -2 -3 0 0
-752 -748 536 -175 -632 -223
-1 0 2 -3 0 0
785 798 415 -729 -995 251
751 989 -942 -583 84 -565
-3 1 2 -3 0 -2
1 0 1 2 0 -2
-8 9 9 3 -4 3
1 1 2 2 1 0
2 2 0 0 0 1
-652 -549 19 -583 -821 -393
3 3 -1 3 -2 0
0 0 2 0 2 1
1 1 1 2 1 1
-1 -3 -1 2 2 0
2 -3 -2 -3 -3 1
-606 717 -165 78 167 -731
-403 34 -41 -467 621 300
2 1 2 1 1 2
0 1 0 1 0 1
0 1 2 0 3 0
3 -2 3 0 3 -2
-2 0 -2 0 -2 1
1 0 1 0 0 0
-9 9 2 -9 -4 8
1 2 1 0 1 2
1 1 0 1 2 2
0 1 0 1 2 2
0 1 2 0 0 1
7 -9 3 6 1 -5
2 0 0 0 1 2
1 1 1 2 2 2
2 2 1 0 0 2
1 2 2 0 1 1
-383 868 344 -90 -956 -856
2 1 1 2 0 0
-3 -1 -3 -1 -1 1
10 -2 3 6 4 -8
69 -365 673 942 13 711
-2 -2 -2 -3 0 -1
1 1 0 0 1 0
0 -2 -3 -2 0 1
-130 -864 -736 706 -176 27
2 1 0 2 0 0
1 2 0 2 2 2
2 1 2 1 1 2
-590 131 444 -236 169 -183
3 -3 3 -3 2 -1
1 1 2 0 2 1
69 -868 -651 -416 103 777
-183 886 113 984 -605 -176
0 1 2 2 0 1
2 2 1 2 0 1
3 0 3 0 -3 2
-6 10 -5 -8 0 10
-3 -2 -3 3 0 0
2 0 1 1 1 2
-7 9 1 4 -10 -6
3 -1 -1 -1 0 0
0 0 2 0 1 1
0 2 -1 -3 0 0
1 2 0 0 0 0
0 2 2 1 2 2
-10 7 -10 10 10 7
3 -1 3 -1 2 -1
92 54 255 -468 -64 -305
3 -2 3 1 -1 -2
-1 -3 -1 -3 0 0
7 1 -4 0 -9 2
-276 38 942 -642 -11 -550
0 2 0 0 2 1
1 2 0 1 2 1
-3 1 -3 -2 2 1
-193 412 -581 643 423 -847
1 -8 4 -3 -1 8
-9 -8 8 -7 2 -6
-705 75 652 -213 -330 -477
428 -92 636 759 569 -347
0 2 0 0 1 0
2 3 2 3 -3 1
7 5 -9 -5 -7 6
1 1 0 1 1 2
2 4 -6 8 -2 -3
-9 -8 7 6 9 8
0 1 0 2 1 0
833 855 -968 -929 -959 740
1 2 1 0 2 2
0 0 1 2 1 1
6 -5 -6 4 -3 3
0 2 2 2 0 0
2 9 4 3 3 10
1 -3 1 2 -1 -1
853 -202 978 756 -798 -954
2 -2 2 2 -1 2
2 2 2 1 2 1
-1 0 -1 0 -1 0
1 2 1 1 2 2
-980 145 389 -750 -621 -105
3 -3 1 -3 -1 0
1 -1 -2 -3 3 0
-110 -908 -188 768 -107 977
-465 528 27 672 324 588
9 6 -4 10 9 -4
113 -35 -781 -968 -366 995
2 0 1 0 0 1
0 -4 1 -4 9 7
0 3 7 1 -2 4
2 1 2 1 1 2
-301 -921 -501 -475 537 566
1 3 2 3 0 -3
1 -1 3 -1 0 1
453 -937 440 66 -198 72
-2 3 -2 1 -2 2
0 1 9 5 -1 9
-3 7 4 7 4 -8
1 1 2 1 2 1
1 -2 -3 -7 7 -2
11 -443 507 -175 224 -750
-1 1 -1 0 1 -1
-959 201 470 -858 492 -472
0 2 1 2 1 2
695 461 985 263 742 26
-2 0 -2 -1 -3 0
-1 2 1 -1 -3 0
-8 -1 8 7 3 -7
181 -285 605 407 -942 162
-987 57 748 876 77 99
704 -29 -267 88 -496 735
1 -1 -2 -1 3 1
-36 -842 -524 -866 -305 -916
-145 -214 -402 -214 700 -478
0 1 0 1 1 2
1 0 1 0 -2 -1
2 1 1 1 1 2
1 3 -2 1 0 -3
2 1 0 2 2 1
0 -2 2 -2 -3 0
10 -8 -5 0 10 -2
1 1 0 0 0 0
-8 -10 2 6 9 6
-449 -25 553 34 532 -48
1 2 0 1 0 1
538 388 -229 303 459 -175
0 1 1 0 1 0
-2 -2 4 -3 7 9
1 1 0 2 2 1
10 2 -7 2 -6 -6
2 2 2 0 3 -2
1 0 1 0 0 0
0 2 0 2 2 0
0 2 1 0 2 1
3 1 -8 -1 -4 -4
0 8 5 -7 10 6
-302 567 728 815 843 641
6 -7 2 6 5 5
0 2 0 2 1 1
384 -848 722 631 -866 153
-2 -1 3 3 -3 0
1 1 0 1 1 1
0 1 0 0 1 1
7 3 -8 -1 -8 -3
-1 0 -1 -2 0 -1
3 -3 3 -3 1 -1
-9 -9 -8 10 -7 5
0 -2 1 -2 0 3
6 1 8 -3 10 4
-6 -9 9 -3 2 -9
2 7 -7 -6 4 7
0 -2 0 1 0 0
0 2 2 1 1 2
4 4 -1 -3 -9 6
0 1 0 -3 2 0
1 -1 -2 -1 0 0
-2 -2 -1 -5 2 9
0 1 -1 -1 0 1
0 -3 3 0 0 0
-3 3 10 4 -5 0
-2 0 -2 0 2 3
-6 3 4 5 7 -3
0 1 0 2 2 2
33 843 -190 -664 -462 4
-3 -7 5 -7 -9 5
0 -1 0 -1 0 0
2 2 0 2 2 1
-5 -9 -4 8 -10 -2
22 -451 -450 504 705 -980
-7 10 -8 6 6 7
7 9 -10 -4 7 8
0 1 0 1 -2 2
751 -42 -399 -848 362 -490
301 -269 336 -611 -150 -797
-434 -242 -226 574 78 727
9 -2 -8 10 10 -8
1 -3 1 -3 -1 0
-748 -461 738 -875 -686 -709
814 -96 464 -975 686 -966
77 270 -229 417 683 7
1 0 0 2 2 2
8 -5 2 4 5 8
-3 -4 -10 1 0 -2
1 -1 1 1 0 -1
-7 -2 -4 2 2 -4
-851 20 -985 146 696 -133
4 5 -2 1 -8 -7
7 4 -5 10 -8 -6
-2 10 -7 7 -8 -5
866 304 -154 -789 -291 -99
10 7 -5 10 -9 -9
-9 0 2 -8 10 -6
564 -286 174 -373 -963 -651
2 3 2 3 2 0
678 585 -438 414 -220 -607
1 2 0 0 0 2
-2 1 -2 1 -3 2
3 1 2 1 -1 1
0 0 0 0 0 1
-2 3 1 3 0 3
-3 -1 -3 1 0 0
328 -535 -427 -149 130 186
2 2 0 1 1 0
-3 2 2 2 1 -3
2 1 0 2 1 1
1 2 2 1 1 2
285 372 -804 184 -21 704
5 -9 6 -9 -3 0
-1 2 -1 -3 2 -2
10 -6 8 5 3 2
-1 673 -152 578 882 -116
-4 9 4 1 4 6
-3 -1 -3 -1 0 0
299 -874 -664 356 -915 -784
-1 3 -1 3 1 -1
0 1 0 2 2 0
835 -642 -154 414 220 737
344 -82 345 587 -13 770
-708 516 -662 -203 283 -795
2 -2 3 -2 0 -2
-7 4 -1 7 6 -9
2 3 2 3 -1 -2
1 1 1 1 1 2
0 -3 5 -7 2 -8
1 1 1 0 -2 0
671 -506 880 479 497 -950
-3 3 1 3 -2 0
1 0 1 2 2 1
592 -690 -392 314 977 -958
2 1 0 2 0 0
2 2 0 1 0 0
1 3 0 3 2 0
205 -600 -296 -15 55 958
7 -7 10 10 1 -3
0 1 0 1 0 0
-4 9 -4 0 10 4
295 31 -857 885 -114 870
1 0 2 -2 3 -2
4 2 2 9 -7 -8
-40 -454 -596 -171 -858 537
-2 1 -2 1 2 0
1 1 1 -3 -2 -2
0 2 0 0 0 0
-10 -7 -2 1 4 -6
1 2 1 0 1 2
0 0 1 1 0 1
7 5 6 0 0 -6
1 3 1 0 0 -1
491 795 359 -691 373 478
-3 3 -3 3 3 0
348 -870 -154 828 938 -975
3 3 3 3 0 0
-1 -2 -1 1 0 0
-916 264 -475 858 143 -209
136 -213 -851 -105 243 -447
730 -466 302 -963 842 249
1 2 0 2 2 0
793 -448 -161 380 -89 410
9 4 -9 -6 1 7
2 2 0 0 0 2
-315 781 909 639 739 734
0 1 0 1 3 0
2 1 2 1 0 2
0 -1 0 1 0 -3
-8 9 -10 -5 5 -7
2 1 2 2 1 0
2 1 0 0 2 2
2 2 2 0 1 0
9 2 -6 6 9 9
1 2 2 0 0 1
-3 0 -3 3 -3 0
1 1 1 1 0 2
10 -10 8 7 5 -9
129 -542 327 -174 -482 -822
-1 -3 0 0 0 -3
-2 6 -6 -5 -3 -5
-428 -421 -747 829 254 -733
4 -4 -3 7 -6 -5
2 0 0 2 0 2
-979 -4 -763 -64 -644 924
7 -7 7 -4 10 -10
-7 -4 7 -1 10 6
-700 -669 -708 -871 -733 -759
6 -6 -10 6 7 10
142 -213 858 -161 258 -414
841 -345 559 105 -30 455
10 8 -4 8 8 0
1 0 0 1 1 0
-545 -260 512 -277 -764 -214
-5 9 -8 9 2 5
0 1 1 0 2 0
-9 -2 4 -5 7 -3
-572 -970 934 943 -379 -719
-2 0 -1 -2 -1 -1
1 2 2 1 2 2
2 -1 2 -1 2 3
5 5 4 3 -2 6
2 0 2 2 2 2
3 5 9 -7 4 -5
-4 -3 -10 8 8 -8
2 2 0 0 1 0
4 8 -1 -3 -3 2
-1 4 4 -2 -7 -8
8 -6 10 -9 9 4
667 -508 550 -221 778 -518
2 2 2 1 0 2
-869 985 -594 -593 502 488
452 508 -662 956 899 -881
1 2 1 0 1 0
-3 -8 -4 -5 5 0
2 1 1 1 1 0
3 3 3 3 2 0
8 -3 -9 -9 -7 -10
0 0 0 1 2 1
-4 0 -7 4 -7 -10
-5 -3 -1 -2 5 7
0 3 0 -3 2 1
-505 619 963 833 171 -961
2 -10 7 -8 2 5
1 2 2 0 0 0
608 -263 422 614 405 188
2 2 3 2 3 0
1 10 -2 -5 10 1
455 735 413 412 601 -551
2 0 1 0 2 2
0 1 -3 9 10 7
-5 -10 -6 2 -10 7
3 2 3 2 -1 0
0 1 0 2 2 2
-746 -260 719 -363 -620 -652
0 -4 10 -5 -10 4
1 0 1 0 -1 3
2 -9 0 5 3 -9
0 1 0 2 0 2
2 1 3 1 0 0
0 1 2 2 0 2
1 -9 4 1 2 2
-128 309 76 -751 -435 -802
-170 3 -994 -208 700 -658
778 -669 -376 -20 306 -884
-944 -964 122 -654 -487 67
-285 881 102 741 12 436
585 429 -212 133 -575 658
1 -3 1 2 0 0
-2 -1 -3 -2 -2 -1
-422 801 -920 -446 -55 811
-1 -2 -5 -5 -2 5
10 -6 2 3 -1 10
560 236 185 -630 -172 248
2 2 0 2 0 1
2 3 3 -1 3 2
2 2 0 2 2 2
-358 -615 431 768 -75 -367
3 -1 3 3 0 0
3 -2 0 -2 1 0
-18 -270 385 -844 866 -488
-6 -7 7 5 4 10
2 1 0 2 2 1
-1 3 1 3 -1 1
0 2 2 1 2 2
-1 -1 -4 -8 7 5
2 2 1 0 2 2
-3 -2 -3 -1 -3 0
1 2 1 1 1 1
-5 -5 -7 8 3 -3
-201 699 -36 -357 -270 466
886 881 -598 174 -730 835
774 993 -172 435 -901 -30
-201 171 -53 -870 179 -332
-738 -435 -316 -366 99 745
323 -615 259 363 21 -883
-1 2 1 2 0 0
0 2 0 1 1 2
1 2 0 1 2 0
10 4 -4 2 -4 10
0 1 0 1 0 2
-2 10 9 -2 -2 -4
2 -1 0 -1 0 3
989 291 -119 -291 -143 377
0 0 2 1 1 1
6 9 9 -7 -6 3
-47 -76 -435 -848 -949 975
532 805 819 -808 882 532
-1 0 -1 2 -1 0
-4 1 -3 -8 -10 -3
-719 -835 293 749 -124 -653
0 2 0 2 2 0
0 0 -1 0 1 2
3 -5 -6 -10 2 4
-2 2 -2 -3 3 0
0 -3 -2 2 -3 -2
0 0 1 2 2 0
-7 -10 -5 -3 2 -9
-6 -9 -7 -4 -1 4
1 2 0 2 0 1
10 8 9 -5 7 8
-3 0 2 0 0 0
-8 3 0 -2 5 -10
3 1 3 -3 -1 0
2 2 1 0 2 2
-3 -1 -2 -2 1 0
-4 -6 7 8 -9 8
-3 2 -3 2 2 2
0 -3 0 -3 0 0
-917 621 763 307 -937 -503
2 10 -1 -8 -3 4
318 80 -907 308 830 -977
2 2 2 -1 -1 0
1 1 2 2 2 2
95 -551 459 468 951 332
150 792 833 -700 302 72
-2 -3 -2 -3 0 0
-1 -3 1 -3 0 -2
-3 0 -3 3 2 0
-1 9 7 -10 7 -10
-244 16 -444 -442 59 -475
2 1 0 0 0 0
-5 -5 2 7 3 -4
879 -759 -616 779 -740 955
0 2 0 8 1 -7
2 2 0 -7 1 0
1 1 0 2 0 1
-3 -2 -3 -3 1 3
-2 1 -2 1 0 2
2 2 1 0 0 0
872 219 130 314 751 -60
-963 -340 810 299 745 -400
-2 3 -2 3 0 0
317 297 571 398 400 -423
-8 -9 10 2 0 -2
2 0 2 0 -1 0
-528 635 769 133 -922 717
-6 2 -4 0 6 6
-5 -4 6 -10 10 -4
-38 -308 451 659 793 867
0 0 1 1 0 1
-3 -1 0 1 -2 0
2 1 2 2 2 0
-764 -813 885 -358 840 -747
3 -2 3 -2 -1 0
0 0 1 0 0 0
2 3 3 -1 0 0
-4 0 10 9 9 -5
-574 -499 234 519 71 77
1 3 1 3 0 -2
-237 -89 128 48 188 -956
-840 735 779 717 884 -132
919 -82 236 -790 347 134
-8 -3 2 5 -5 5
-135 715 -181 -71 484 -220
-232 -422 153 861 -970 -141
-1 -7 5 1 -1 0
-2 0 7 -1 4 -8
2 2 0 2 2 2
1 1 1 1 0 1
0 0 -3 -1 0 3
5 1 2 -6 -7 -7
9 5 -1 8 -4 9
-2 1 -2 1 -3 2
0 1 0 1 -2 0
-3 -1 -3 -1 3 -2
1 1 2 0 0 1
-2 0 1 0 0 0
-1 -2 2 1 0 0
0 3 0 3 -2 -3
-896 -109 50 121 457 -247
-683 -896 -348 -546 780 -293
-264 -717 -794 -682 -671 -401
1 1 0 1 0 0
-6 6 7 2 -9 -2
1 0 2 2 2 1
8 5 -7 -6 -5 7
0 0 1 1 1 2
2 1 0 0 2 1
-9 10 -5 -9 -3 6
-240 -576 -350 475 686 -418
2 -3 2 -3 -3 1
-1 5 8 4 -8 -1
1 0 1 0 0 1
0 0 0 0 1 1
-949 208 -328 -472 185 -602
2 0 2 -1 -1 0
-8 3 -3 10 -10 7
-815 963 -897 351 429 -544
1 2 0 1 2 0
0 0 2 0 2 1
-7 6 -10 -2 -4 4
2 1 1 2 0 2
540 -432 194 885 -134 -753
-5 -7 -8 -7 9 -8
-1 -1 -8 10 -8 -1
303 897 210 -271 92 914
1 1 3 1 0 -2
0 2 -3 2 -3 -2
0 1 1 2 2 2
1 0 1 1 0 0
0 0 0 2 2 -1
-106 -627 927 -576 -137 -861
1 1 2 1 1 0
2 0 2 2 0 0
-689 -736 -829 374 10 34
-269 968 411 -293 217 -353
10 0 4 -9 -3 -7
49 779 18 143 12 -949
-7 5 -7 10 -8 3
3 0 2 3 0 2
-3 2 7 -6 3 6
-72 355 185 -209 199 -91
-385 -595 772 714 767 391
-6 1 2 5 -7 -9
-3 2 -3 3 3 0
-2 3 -2 3 2 3
2 2 0 0 0 2
10 -9 -7 -4 -8 -2
2 3 2 3 3 1
219 63 -306 -126 438 -104
0 2 0 2 1 1
1 1 1 0 0 2
2 0 1 0 2 2
-9 7 -4 -8 1 -1
8 -2 4 -5 -8 10
1 0 -3 5 0 4
5 -5 -9 6 -7 10
3 -9 -3 -10 7 -2
2 0 0 2 2 0
-874 884 -556 -680 -668 -256
-5 -1 6 5 -6 10
0 0 1 2 1 0
-2 -407 -698 363 265 963
2 1 -2 1 0 -1
0 0 1 2 0 0
711 -486 255 824 -104 -347
6 7 -7 -7 5 1
1 2 2 2 0 1
558 880 41 361 -510 -627
2 0 -1 0 -1 0
-1 -3 -1 -3 -1 0
-1 -1 -3 -1 0 0
-2 2 1 3 1 2
468 888 562 -483 -241 47
1 1 0 0 2 1
2 1 0 2 2 1
2 2 2 2 0 1
2 0 1 1 1 1
2 2 2 -8 -4 3
-3 0 -2 0 0 0
-2 -1 -3 3 0 -2
708 773 -974 594 -557 915
0 -2 3 -2 -1 -2
2 1 2 1 -2 0
865 -517 324 -832 -21 -766
646 231 -351 513 721 -321
0 0 1 0 1 1
3 3 -3 3 0 1
6 -1 9 -8 3 3
-1 -1 -1 2 0 3
5 4 -2 10 2 0
1 6 -10 7 8 -4
-6 6 -9 -2 -2 3
-7 -8 5 1 -4 8
-7 1 -9 8 3 7
-2 -3 2 2 7 0
944 747 -232 -371 125 670
0 1 1 0 2 0
879 -629 -750 -905 282 -965
304 685 743 -44 151 501
-2 -2 -2 1 -2 0
0 -2 0 -1 1 0
0 0 2 0 1 0
400 863 290 -876 477 -502
910 -68 -582 -561 121 -180
1 2 2 2 1 0
-1 0 5 10 -4 -2
3 -9 -1 5 9 1
3 -8 -8 1 5 3
151 -307 -640 -848 -886 -443
5 -8 -10 6 -5 3
-4 -10 2 -3 -6 -8
-93 -322 334 -777 -66 314
0 1 2 2 1 1
207 -968 -492 922 -517 461
852 52 785 -812 124 765
-8 8 9 0 -9 0
-430 -883 -672 -662 -251 782
0 2 1 2 2 2
2 0 2 1 1 2
2 3 -3 -3 0 0
2 2 2 2 -1 -3
2 1 1 2 0 2
8 4 -5 10 -3 5
2 0 0 0 0 2
-3 -2 -3 -2 -3 3
459 366 -455 270 383 -33
1 -4 -1 6 8 0
441 641 897 16 -605 -410
3 10 5 -10 -10 -4
0 1 0 1 0 0
2 1 2 2 1 2
0 -1 0 -3 1 -1
-206 860 -324 722 -986 237
1 2 2 1 0 2
436 615 -620 -365 808 204
3 1 -3 1 0 2
3 3 1 -3 -1 3
3 -2 -1 3 1 0
176 212 -621 -632 432 453
-3 2 4 1 9 -5
8 9 -6 9 9 4
-4 -5 9 -3 -5 3
1 -1 3 -4 2 0
2 0 1 0 2 2
910 718 952 804 666 310
118 -799 928 681 -132 129
-2 -1 -1 4 3 5
-862 -357 -2 -723 503 748
-364 -522 -656 806 -488 889
568 -211 -316 179 922 -501
-832 -132 695 862 719 222
0 1 0 1 2 0
2 0 0 0 1 2
8 -6 5 -10 0 -6
7 0 7 1 10 4
2 1 2 1 0 -3
9 -592 832 253 -891 -425
-3 3 -1 3 -3 3
-10 -1 10 2 5 -3
10 7 -10 -9 1 5
-3 -2 -3 -3 3 3
-10 7 -2 -8 -4 8
-3 0 0 3 3 2
2 1 1 0 0 1
-1 3 2 3 3 1
193 156 5 -188 81 -653
763 365 856 67 -678 -701
397 805 643 134 894 323
0 1 1 1 2 2
151 240 -555 397 -808 584
0 10 -5 -4 -5 -8
2 0 1 0 2 1
7 0 -2 3 -2 -10
1 2 1 1 0 2
1 1 -3 1 -1 -3
1 1 1 1 2 2
-5 -8 7 8 -9 -5
0 2 1 2 1 1
2 1 2 3 -2 0
0 1 1 2 2 0
6 2 4 6 -2 -4
5 -6 -8 6 -5 -5
-9 -8 2 -8 7 6
-70 -995 349 -40 582 970
8 2 4 5 -7 -3
-669 -405 303 192 845 944
-3 -1 -3 -2 0 0
10 -2 7 9 9 -3
9 -2 7 9 9 -5
0 -3 0 0 0 -3
-350 -504 -23 12 -777 -843
1 -1 1 -1 2 0
777 -961 -437 -532 470 -203
0 -2 0 -2 0 -3
3 2 3 2 1 -1
0 2 0 2 0 2
6 -4 7 6 -2 -9
-205 -634 -476 106 -322 349
1 0 1 2 2 2
-5 -5 -9 -7 -3 7
2 1 2 0 1 0
2 2 2 2 0 -1
-2 1 3 3 -2 -2
-273 468 791 921 925 -73
-1 0 -1 -2 0 3
1 2 1 0 2 1
2 2 1 2 0 0
0 0 2 0 1 0
-1 3 -1 1 0 0
0 0 2 2 1 0
101 -528 761 769 -242 -477
-3 2 -3 2 -3 3
0 1 0 -1 -2 1
2 -8 2 6 1 10
-450 413 118 466 -416 -393
-860 -779 80 357 -717 803
526 341 770 697 649 604
638 -979 -180 53 -891 643
-442 418 -1 576 -938 -263
-632 -424 -833 686 -953 171
6 8 -9 8 -3 1
-145 -907 -321 135 -314 492
-710 195 -987 80 777 -363
1 2 0 2 0 2
-2 -2 2 -1 3 -1
0 -4 6 8 3 5
-5 -10 -3 1 -8 -9
-1 -3 -1 -3 0 0
-9 3 -8 -2 1 -5
1 1 1 -2 0 -1
9 -6 4 -8 -9 -2
0 2 0 0 0 1
-498 282 -78 -21 750 630
-1 2 0 2 0 0
1 2 -3 2 0 0
0 0 0 0 0 2
0 2 2 3 0 0
-7 -3 -9 1 1 -8
-253 -644 -241 872 284 -934
2 2 1 2 1 2
2 2 2 1 2 0
-3 -8 4 -10 -3 -7
2 2 2 0 1 1
-2 -3 -2 -1 0 -1
0 -1 -2 0 2 0
-9 -8 6 -3 -8 4
-751 305 913 -688 -904 701
4 4 -4 2 -9 4
-744 766 -665 -777 425 464
885 506 -2 -249 577 981
2 0 2 0 1 0
1 -3 2 -3 -1 3
1 0 2 1 2 1
2 2 1 2 0 0
4 -5 -6 -10 -1 9
-7 3 -9 5 3 -1
-824 970 903 770 -292 556
-3 -2 -3 0 0 0
-6 -10 -5 0 1 -7
0 1 0 1 2 0
757 -568 141 918 -770 839
0 2 1 1 2 0
1 7 -10 10 8 0
1 2 1 2 1 -2
992 -910 621 440 272 -440
-1 -2 7 -5 -8 10
-3 2 -6 -9 0 -3
0 0 0 2 0 1
10 9 -4 4 -1 -7
2 0 2 1 1 1
1 2 0 2 2 0
-10 5 0 -7 -9 10
-759 -199 398 506 -372 289
-92 -226 -330 -800 -444 446
2 2 0 2 2 0
1 2 -1 -10 -7 1
-1 10 -2 10 9 -4
3 0 10 10 10 3
-2 2 -2 2 0 0
0 -2 3 -2 3 0
-307 -272 -18 164 391 -664
1 0 0 2 2 1
384 -652 -935 -354 -200 -282
0 0 1 1 1 2
1 0 0 2 1 2
9 -9 6 2 1 9
-682 -248 870 -625 -184 -820
2 2 2 0 0 0
2 1 0 1 1 2
1 1 1 1 0 0
2 0 2 0 3 0
-7 -7 -2 6 2 -1
699 -992 -329 -744 -507 473
1 -3 -2 2 1 0
-2 0 -2 2 2 0
503 989 954 -760 -393 706
-817 376 -717 -553 -376 -810
9 -9 -5 -6 -1 1
2 0 1 1 2 2
2 1 -8 3 7 7
1 -1 3 -1 0 2
0 1 1 1 2 0
-10 4 2 -1 -3 -8
-1 -2 -1 2 0 -1
2 0 3 3 3 2
-1 2 -1 -1 -1 2
3 3 3 3 0 0
3 -3 -1 -3 3 0
0 1 1 1 2 1
-2 -3 -2 -1 -3 3
2 1 2 2 0 0
0 0 0 0 1 0
-10 -7 -10 -9 3 3
138 -149 -71 -543 443 -988
2 1 1 1 0 3
2 -3 2 2 0 0
-3 1 0 1 2 0
0 1 1 1 1 2
-216 -141 -324 943 -282 -747
-2 1 -6 5 1 -5
2 2 2 0 0 0
2 9 2 -5 -5 1
118 799 523 -603 -289 889
3 3 3 2 3 0
1 0 1 2 0 0
-1 1 -5 0 -5 10
386 -832 -699 -701 905 -660
0 0 1 2 0 2
0 -1 -1 1 3 -1
1 1 2 2 1 2
1 1 1 1 2 0
3 -1 3 1 0 -2
-927 -981 776 -376 -754 439
0 0 2 0 1 2
0 0 0 0 1 2
8 5 6 -3 10 2
0 -1 2 -1 0 3
502 -908 -952 606 -653 -485
-1 3 -1 3 -2 1
2 3 2 3 2 -2
2 0 1 2 0 1
8 -7 -5 7 2 6
1 1 2 0 0 1
-7 -815 753 -32 -68 -456
-2 3 -2 -3 2 1
1 1 -2 1 -2 1
-970 -584 444 176 -246 850
993 -230 974 -973 608 255
1 1 2 1 1 1
-7 -7 -6 5 -2 -1
-9 4 6 5 2 2
8 0 1 -4 -3 10
1 -3 1 3 0 2
1 -3 -8 5 4 4
-240 -999 -989 144 296 371
1 0 -1 -2 -1 0
2 0 2 1 2 1
2 1 0 2 2 0
9 -10 -7 6 -5 -10
0 2 1 -1 1 0
634 460 -186 -408 981 -941
1 1 1 2 1 1
5 -7 -5 6 -10 -8
0 2 2 0 2 2
259 177 -297 -207 321 52
-597 -19 80 828 395 -711
-4 -5 5 -10 -3 -9
370 -999 480 365 525 727
0 -1 2 -1 0 1
1 3 -9 -10 -2 -1
1 2 1 2 0 0
2 1 2 0 0 1
1 1 1 2 1 1
1 -2 0 -2 1 2
3 -3 -1 -3 2 -2
-561 941 143 144 156 478
-2 -6 1 2 8 -7
0 0 2 0 1 1
-3 -1 2 -2 0 -1
1 -3 -1 -3 0 1
6 9 -2 -5 9 10
848 996 397 -472 -833 -90
3 -1 3 3 -1 0
-7 1 5 2 -3 -10
3 8 -6 -4 3 -3
-1 -3 -1 -3 3 -3
218 -467 603 -34 -766 712
1 2 0 0 1 1
1 1 1 1 -3 -2
3 2 3 2 0 -1
-6 4 0 -9 5 7
9 6 2 -8 -1 6
1 0 0 1 2 0
2 1 1 2 1 1
2 0 1 1 0 0
0 0 1 0 2 1
-7 -2 -2 7 -4 -5
-1 1 2 3 0 0
-793 815 -841 646 145 -631
-3 -1 2 2 2 -1
756 -450 88 -989 542 -410
0 2 1 2 0 1
-172 -194 963 -132 673 -74
1 7 -7 -3 -9 -9
8 1 -7 2 10 -8
1 1 0 0 2 1
697 20 876 884 -303 -634
-596 518 945 496 -228 -851
1 1 2 1 0 0
-3 -2 -2 -3 -3 -2
0 1 1 0 1 0
0 1 0 0 2 0
1 0 0 1 0 2
-3 -3 -4 -3 -5 1
0 2 -2 0 0 -3
-468 460 -755 -937 -197 743
485 -582 -212 401 -565 -965
-2 3 -3 3 0 0
-2 1 -2 1 0 -1
238 722 -74 34 73 93
0 1 2 0 2 0
0 0 1 2 0 1
0 0 0 1 2 0
0 1 2 2 2 0
-878 -167 369 939 780 266
-665 -71 -29 863 -4 201
-425 876 -599 634 -183 91
6 3 0 4 0 -6
-845 8 -935 -80 856 -480
3 -3 3 3 0 -1
-712 -506 154 640 221 548
2 1 1 0 1 1
2 1 2 2 2 2
3 0 -6 2 5 3
2 0 0 1 0 2
3 8 4 -9 5 6
1 0 1 0 2 3
-2 2 -3 3 0 0
2 1 0 1 2 1
0 2 2 2 2 0
8 3 10 -7 3 -8
-8 -8 -5 -6 8 -8
145 -337 -656 268 769 -314
2 2 2 2 2 0
1 2 1 0 2 0
-8 6 -8 -7 8 -6
3 -9 -5 8 -9 -3
-9 -9 -4 6 -2 -1
0 -2 -2 -2 0 -2
2 1 2 2 0 2
0 0 1 2 2 0
-7 -5 4 8 -10 2
0 2 2 2 2 1
3 2 2 2 1 0
-29 -848 826 501 90 632
4 -8 -5 -9 2 8
1 0 0 0 0 1
2 0 2 0 2 2
1 -4 0 -1 -6 -3
2 0 2 0 2 1
-873 268 92 -881 384 693
-179 -621 -787 -568 -717 -723
862 505 546 121 -678 -871
2 -1 2 -1 2 -3
-3 -1 3 -1 0 0
5 -10 10 8 4 7
0 2 2 2 0 1
2 -3 2 0 0 -3
-5 4 -1 -6 -2 -1
-321 840 320 -706 -672 -809
-10 8 -7 -8 -5 -1
0 0 2 0 1 1
786 380 -246 227 -631 761
2 2 -2 2 -2 0
1 2 1 2 1 0
1 1 1 0 0 1
3 6 1 -7 2 -6
0 2 0 2 0 -3
-942 750 951 -942 460 681
-3 10 10 -2 -10 6
1 1 1 2 1 0
3 1 -1 1 -3 0
2 1 1 0 0 2
685 -856 -655 299 984 -51
6 -6 -7 -9 5 5
3 3 8 -7 8 -9
2 2 1 0 2 1
2 9 -1 1 6 5
3 4 -8 -5 1 6
2 2 2 1 1 1
2 -2 3 -2 3 0
-2 -3 -2 -2 0 0
510 -738 27 278 34 815
1 1 1 0 0 1
-874 621 -277 -1000 -114 -937
-9 -2 -8 7 -2 2
822 679 -845 -373 -307 -259
-3 1 2 -3 0 0
2 2 2 1 2 0
2 1 1 1 1 2
7 8 -1 -7 0 -10
2 2 0 1 0 0
-2 2 -10 -10 0 8
1 1 1 0 0 3
2 -2 2 2 -1 -2
671 -815 -548 -922 -349 -822
3 3 3 -1 1 -3
1 1 0 2 0 1
-39 -356 402 -323 283 840
0 2 1 2 0 0
1 1 1 2 1 1
0 0 1 2 2 1
-9 -8 -4 4 1 -7
-3 8 1 -4 10 4
-720 351 -407 115 631 -939
1 2 0 1 1 0
-1 -3 -1 3 3 -2
4 -7 -6 -8 6 4
323 -73 -643 771 47 -270
0 -10 9 -3 -7 -8
0 3 0 3 0 0
-3 -3 -3 -3 -3 0
0 -3 2 -3 -1 -2
1 2 2 2 0 2
1 0 2 1 0 1
7 -1 -5 -2 5 -8
438 -280 896 -688 391 90
-58 421 556 -612 371 -20
2 7 -1 2 -5 1
-7 -2 -1 -10 0 -7
-552 -228 739 -449 606 -613
2 1 1 2 2 0
2 2 0 0 2 2
-2 2 1 2 1 1
0 1 0 2 1 2
153 -160 489 679 -134 738
938 -990 78 354 -672 246
-1 -3 0 -3 3 0
0 -2 0 3 1 0
-65 736 -264 804 -275 747
1 2 0 2 2 0
0 -2 0 3 0 0
8 -8 7 6 0 7
0 1 1 1 0 2
0 2 0 2 0 1
-361 481 -359 -828 -480 7
-698 299 4 269 -597 812
-1 2 -1 2 0 0
-5 4 6 -8 8 2
1 1 1 -3 -3 -1
564 -871 306 -190 917 -618
4 1 -3 -3 1 8
1 1 2 1 1 0
-3 2 -3 1 0 0
4 -6 7 -6 7 -6
2 2 1 2 0 2
0 2 0 1 0 0
2 2 1 2 1 1
0 0 2 0 2 0
7 -10 9 1 -7 8
2 0 1 0 2 2
-948 500 931 68 -945 -762
6 -5 1 -1 3 -9
-3 -1 -3 0 0 0
329 733 -825 -755 476 348
2 0 0 0 0 1
1 1 1 1 0 -2
2 1 2 1 3 0
0 1 2 1 2 1
2 10 -6 4 6 5
0 2 1 2 1 1
-1 -2 -1 -2 0 2
2 0 2 1 2 2
-7 -7 -3 -8 -2 -1
-5 -2 -2 6 -5 -4
8 -6 -2 3 8 10
9 4 8 -3 10 -6
2 2 0 2 2 2
-10 2 -9 0 6 1
1 4 -9 2 -1 -5
-3 -1 -3 -1 0 0
229 -673 895 -711 219 -75
-2 -9 2 -10 -5 -10
183 212 378 -875 -308 484
-906 110 179 -181 -889 -324
-283 100 913 739 380 960
1 1 0 1 1 1
0 1 0 -1 -3 0
0 1 2 0 1 0
2 0 1 2 0 1
7 -8 -9 4 0 6
-3 -3 1 -3 0 0
-1 1 -1 0 0 2
0 0 0 2 1 0
3 -5 -5 0 -4 5
-7 7 -6 6 -2 2
-3 0 -3 -2 3 0
2 2 2 1 1 1
-3 -2 -3 -2 3 -1
-7 7 7 10 10 2
2 0 2 0 0 2
-7 -2 0 8 -10 7
1 1 1 0 0 2
1 0 2 2 1 2
-1 3 -1 3 2 -2
2 -3 2 2 -2 3
2 1 0 1 0 1
0 10 7 -1 6 -8
10 -6 -3 3 -6 -4
752 616 -360 375 -409 83
1 1 0 2 1 0
2 -3 -8 4 -5 -1
2 2 1 1 2 0
3 3 2 3 2 1
-7 -2 3 6 -3 -8
2 0 2 1 0 1
2 0 0 2 1 0
-9 -1 8 5 -7 10
1 2 0 1 2 1
2 0 2 2 1 1
398 726 421 -341 -88 357
7 1 7 2 -4 0
-2 -2 -2 2 -3 -2
-5 -3 10 -7 1 -3
0 1 0 1 1 2
225 58 -410 -291 -285 -755
-53 -845 941 95 430 -569
2 2 1 2 1 2
-786 -552 -995 688 690 320
1 1 1 1 2 2
966 -121 588 -181 906 17
-2 -3 -1 -3 3 -2
-10 5 4 -4 0 -7
1 2 2 0 0 1
-2 1 2 1 -2 0
20 -530 -375 120 -388 904
-1 1 -1 -1 0 0
-2 0 -2 0 0 2
1 2 1 2 2 1
-2 -1 -2 -1 -1 0
0 -3 0 1 1 3
9 -10 9 10 -10 4
541 -75 -741 -529 742 286
-1 1 -1 -1 0 -3
0 1 0 1 2 2
0 1 1 2 2 2
-852 -193 -456 299 927 854
-4 -2 7 -5 -6 7
-1 -7 3 10 2 -7
-457 -419 45 -852 -310 444
-10 -1 -2 3 -5 0
2 2 2 0 0 2
609 -631 -634 993 -469 -367
6 -8 -4 -3 -7 -2
0 2 0 2 1 0
-946 992 131 -718 14 358
-2 1 -2 3 -1 0
-880 121 -517 705 -811 -830
-1 4 5 -6 -1 -7
1 1 1 1 0 0
0 2 2 0 2 1
2 1 1 1 2 2
-3 0 2 -8 7 10
1 -1 1 -1 2 0
0 0 1 0 1 1
1 -3 1 0 -3 0
1 1 1 1 0 2
159 -760 -40 991 -189 -910
-2 1 -2 2 0 -1
1 2 1 1 1 1
-1 -1 -1 -1 -3 -3
-3 -3 -3 -2 1 0
478 495 -371 -228 944 441
0 -8 10 6 0 -3
0 0 0 2 0 1
0 1 2 1 1 2
-6 -7 9 -2 -4 -4
1 0 2 0 2 2
8 -10 4 5 10 3
3 -3 3 -3 -2 0
3 -3 3 3 3 0
1 2 -2 -2 -1 0
9 7 7 5 -1 -5
2 2 2 -3 2 0
1 1 0 1 0 0
2 2 2 -1 0 0
10 -2 -5 5 -9 7
3 3 3 3 1 -1
1 -4 2 -5 -9 2
2 1 0 2 0 1
7 -6 -9 -8 7 7
0 2 0 1 1 0
-6 -3 -3 -1 2 -6
225 198 -128 -939 -740 -759
-2 -3 -2 0 -3 0
2 1 2 1 0 1
1 0 0 1 2 2
445 984 -120 -158 854 955
834 -182 -938 961 -757 -923
1 -3 1 -3 2 0
2 2 2 1 2 0
2 2 2 2 1 0
-955 26 -292 -693 202 -570
2 1 1 1 1 0
-948 305 -742 777 -275 157
2 2 0 1 1 2
0 2 2 0 0 1
1 2 0 2 1 1
2 -10 1 1 1 10
6 2 -10 4 2 2
-1 2 1 2 0 0
-9 10 -3 1 -4 3
3 5 -1 -9 -9 -5
-519 -277 -880 59 534 725
0 3 0 3 3 0
430 -436 -44 -519 239 -846
0 0 1 0 1 2
2 2 2 0 0 0
3 10 4 0 3 7
4 -5 -7 -9 3 3
-3 -2 -3 -2 2 -3
0 1 -7 5 1 7
3 2 3 2 0 -1
-7 -5 5 -1 4 5
2 1 2 0 2 2
1 0 1 0 0 0
2 2 0 0 1 0
3 0 -3 -1 0 -3
-222 343 85 -818 710 -449
2 1 1 0 2 0
0 0 0 0 0 0
-622 960 912 326 987 240
-1 3 -1 3 0 0
-2 -1 -2 -1 0 2
-3 2 2 0 -1 0
1 0 0 0 1 0
-818 -711 198 828 931 -390
3 -2 3 -2 2 0
-560 -59 -830 -971 -569 -757
1 0 0 2 2 1
10 -9 -4 5 -1 -10
-3 -8 -9 2 6 -4
10 -9 7 -3 6 6
-1 5 7 -8 5 -4
516 -461 -224 778 619 -698
1 1 0 0 2 1
0 2 0 1 1 1
598 -839 864 380 -533 525
0 2 2 2 0 0
2 -3 2 -2 0 1
1 3 -3 -1 2 0
-3 -1 -3 -1 0 1
-2 9 3 -3 7 -9
0 0 2 -1 -2 0
-224 -507 915 -283 -175 -939
2 2 1 1 1 1
-8 -7 0 7 10 0
-592 -70 579 17 -349 -285
1 -3 2 4 -4 8
0 -2 0 -2 -1 0
1 2 1 2 1 0
-1 3 -1 3 3 0
5 1 8 9 1 -8
1 0 1 1 1 2
0 1 2 2 0 2
1 2 1 2 2 0
2 1 2 2 1 1
-1 1 2 2 3 9
2 2 1 0 1 0
-974 198 664 -136 148 172
418 -287 -786 -262 -768 751
0 -8 -10 -4 9 -5
3 -2 1 -2 0 3
6 1 10 5 -10 -9
562 -121 900 249 602 592
-620 -523 767 -810 -696 78
-1 10 -2 -1 -4 2
0 3 -9 -4 4 1
0 0 6 10 -6 9
0 -2 0 -2 0 -1
-621 669 137 580 739 868
-9 5 10 -4 3 -1
0 1 0 1 0 0
-951 -1000 764 826 191 944
1 2 2 0 2 1
-3 -2 -2 -3 3 -3
3 5 6 10 -3 2
1 0 2 1 0 0
-10 2 7 1 10 4
7 -4 5 -10 -2 -6
2 1 3 -10 -1 -6
-3 0 -8 -5 6 4
1 2 2 0 1 0
3 -3 3 -2 0 -2
-56 -435 133 833 534 8
2 0 0 0 0 1
-2 2 -2 2 -2 0
-2 3 -2 3 0 -1
1 1 0 2 1 1
-119 -543 828 872 -442 919
4 7 0 6 -6 6
472 484 570 45 -792 794
2 0 1 1 2 1
593 142 -361 -5 -868 -260
-8 1 -10 3 -5 -1
-1 -2 2 -2 0 -2
0 1 1 1 0 0
-1 -9 -10 0 -1 0
466 -932 10 903 81 -639
9 -10 3 -9 -9 4
2 2 1 0 2 2
282 722 -997 -698 -473 -511
-2 -3 -2 -3 0 3
5 4 4 -10 7 3
-284 -715 499 526 401 571
3 -7 -7 -10 -1 9
1 1 1 1 0 0
2 0 1 2 2 2
-3 1 -3 1 0 0
-3 -2 -3 -2 0 3
848 -215 633 313 593 -158
-3 -3 0 -3 0 -2
1 0 -1 3 -3 0
-7 10 0 0 0 7
2 0 2 0 0 0
-5 -3 8 -6 0 -8
0 -6 -3 -10 -5 8
-2 3 -2 3 -2 -3
3 -1 3 0 0 2
-3 -7 3 -6 -4 8
0 1 2 2 1 2
-1 -1 -1 -1 0 0
7 9 7 -1 -9 2
-10 6 5 7 5 2
-1 -1 -1 0 -2 0
1 1 2 2 0 2
2 -1 3 -1 1 -1
1 1 1 0 2 0
1 2 2 0 2 0
-1 1 -7 10 5 8
1 1 0 0 0 2
2 -2 2 3 -1 1
-2 3 2 3 3 3
1 1 -8 -5 -10 7
0 2 0 1 1 1
6 1 4 -6 7 -2
2 2 3 -1 -2 0
472 -471 -619 528 229 -277
1 2 2 0 0 0
0 1 1 0 0 0
-1 7 -9 4 -10 -1
6 -2 -6 3 5 10
0 -2 -2 -3 0 3
-5 -7 10 5 8 3
1 2 2 1 0 2
3 0 -1 -2 0 2
1 0 1 0 -1 3
-1 -1 10 4 5 5
1 -1 5 5 -5 -7
-573 -198 -396 -871 -683 619
0 0 1 1 1 2
1 3 1 3 0 -3
-36 -900 483 125 -164 -381
539 778 981 -887 913 331
1 10 -8 3 1 0
-6 -6 4 1 6 5
0 0 2 0 1 2
1 -1 0 -1 0 0
-7 -3 8 1 -8 4
737 342 -136 37 805 -376
0 2 2 0 2 2
1 2 1 0 1 2
2 1 2 0 2 1
-9 1 6 -5 8 -10
3 -2 -2 3 3 0
2 2 0 2 2 2
-2 3 2 3 1 -1
-1 2 -2 2 3 0
-1 2 0 2 -3 0
2 2 2 0 0 0
2 0 2 1 0 0
3 0 1 -1 0 1
-9 8 -8 10 9 2
-2 0 -1 1 0 0
1 2 2 0 1 1
2 -2 0 2 1 1
5 -9 -10 4 -1 -6
0 2 0 2 1 0
2 2 2 0 2 1
2 -1 -1 2 0 3
-3 2 -3 2 1 -2
2 0 1 1 1 1
-1 0 -5 4 -9 1
2 0 2 2 2 2
-341 224 -409 -283 346 -2
0 0 2 0 1 1
1 3 2 -3 2 2
-817 855 -967 -798 -159 -450
1 0 2 0 0 2
-490 425 -656 829 -783 834
1 0 2 0 1 1
0 1 2 0 0 0
1 2 0 1 2 1
0 -1 0 -1 0 0
-9 -7 5 5 -2 -4
2 -2 2 -2 3 0
713 -199 371 600 967 549
-1 0 2 3 0 1
2 0 1 0 1 1
3 1 2 0 0 0
2 0 1 0 2 0
-583 478 -707 -571 157 -359
3 -1 -2 0 -1 0
2 0 0 2 2 0
0 -1 -10 0 -7 -3
1 -3 1 -3 -1 -3
3 3 0 3 -2 0
-2 -1 1 -1 -3 1
-826 -124 15 -270 507 -386
1 2 1 0 1 1
-5 3 -8 6 3 -9
1 -1 1 -1 0 -2
0 0 2 2 2 1
-626 -841 26 36 -955 257
1 2 2 0 0 1
5 -3 -2 -1 2 -9
2 0 2 1 0 1
1 2 0 -2 0 0
2 2 2 2 2 -1
-1 4 -8 10 -8 -3
-243 305 109 718 329 193
101 349 -374 -59 -867 -503
984 443 925 854 927 156
642 780 856 175 622 178
9 -5 10 3 -8 0
199 952 -880 -788 319 980
-441 360 602 275 -50 637
-6 9 -3 -6 10 -6
2 0 1 1 2 2
78 980 -992 -46 -613 -871
1 2 0 0 0 1
0 1 1 1 2 2
329 722 -231 -622 926 112
-120 -733 502 898 -451 917
-15 -499 324 -320 681 -926
10 -3 8 0 -4 2
-1 2 -1 2 0 -3
-2 1 3 1 1 0
1 1 2 2 2 1
1 0 0 1 2 2
2 1 1 1 2 2
3 -1 3 -2 0 3
1 2 0 0 2 0
699 -331 -581 327 780 422
453 -257 496 295 268 521
-2 3 -3 2 2 0
1 1 2 -1 0 -3
2 1 0 1 1 1
1 1 0 1 0 0
-9 -6 1 8 10 3
2 0 2 1 2 2
2 0 0 1 2 1
4 -10 -3 -3 -10 4
-3 -3 -3 -3 3 3
1 1 1 1 2 2
2 1 1 0 0 0
-2 -3 -2 3 -3 0
450 -761 -602 414 -379 963
0 1 2 1 2 1
0 -2 0 -2 1 0
-169 -987 682 -721 -667 838
-956 -456 178 611 -121 -778
-407 -277 -892 -81 -178 -206
0 0 1 0 2 2
3 2 2 1 0 0
1 2 1 2 1 0
737 -935 40 -8 489 893
1 0 1 2 2 1
0 1 2 1 2 2
2 0 -1 -3 -2 0
985 303 -989 143 779 717
5 -2 -4 8 3 -2
3 3 3 3 0 0
1 1 1 1 2 2
-192 -889 -902 -759 -161 -290
-5 -3 5 -10 -8 -3
-161 -862 419 -954 -69 -626
676 -61 -25 -952 -957 -109
939 535 -779 968 104 156
2 2 0 1 1 1
8 -1 -9 9 1 -10
2 -3 2 -3 0 0
154 359 790 -349 -66 -455
818 -809 -707 -243 228 425
0 0 1 1 1 0
2 0 0 1 0 0
-5 9 -8 -4 9 5
-4 6 7 -5 0 0
-1 1 -2 3 2 0
-246 -769 -922 -631 594 -562
6 4 -1 2 8 0
-6 5 -8 6 4 -6
2 3 -7 0 6 -9
-2 5 10 10 -3 1
3 1 3 1 0 0
234 905 -200 -154 -999 -5
3 0 3 0 -3 0
2 -1 -3 -1 2 2
-819 -597 981 206 -800 -45
-503 708 824 344 -701 624
2 0 9 5 6 6
42 750 669 659 34 267
0 0 -2 0 -2 0
-1 -5 5 -5 3 3
369 305 42 528 -321 312
2 0 2 0 0 0
2 9 -5 -5 4 4
946 311 468 -154 -135 -941
-3 1 -3 -1 0 0
1 1 0 0 2 2
2 1 0 0 0 2
9 -4 -2 0 3 9
3 1 3 -3 -2 -3
1 -2 3 -2 -1 1
-1 0 -1 0 0 0
810 -584 794 -27 -397 219
-549 556 -495 -318 14 -29
2 1 2 0 2 0
0 0 1 0 2 0
304 517 -200 546 202 -294
3 2 -1 2 1 3
1 3 0 3 0 0
2 0 2 2 0 0
0 -2 1 3 0 3
-178 -87 602 -266 508 -781
-10 9 5 6 -8 8
676 977 -273 -880 -490 320
-1 -1 1 0 -3 -1
-634 -101 214 858 -746 -337
2 3 1 -3 0 -2
2 1 0 2 0 2
0 2 1 1 1 0
-315 146 404 -602 491 -614
-337 541 -509 576 814 -447
-1 0 -8 -4 6 2
-2 -3 -2 -3 3 -3
-620 709 -961 -893 -445 -340
-1 5 5 -3 -3 2
1 -1 3 -1 0 0
2 2 2 1 1 1
-4 8 8 -6 -5 9
130 -560 276 -336 444 747
0 0 0 2 1 -2
-903 -558 48 -259 -871 -171
