3 2
26 40 44
5 1
11 13 30 32 33
2 5
0 23
2 1
9 14
7 100
2 21 26 27 28 39 44
5 1
1 7 23 41 44
7 5
1 5 7 10 21 29 35
5 1
2 9 11 30 42
2 0
12 13
2 100
30 35
5 2
9 12 21 26 34
4 10
20 24 28 32
5 0
1 5 10 17 31
5 3
4 14 33 35 38
6 3
7 10 11 22 39 40
4 1
6 15 19 38
2 3
11 27
3 1
2 33 43
5 100
0 10 22 31 37
5 10
4 10 15 35 42
5 2
3 16 18 30 42
2 1
15 26
5 0
4 9 21 30 41
4 0
8 30 33 41
3 5
9 23 38
5 2
8 19 30 34 37
3 1
0 24 43
7 2
1 15 16 20 26 37 42
7 1
6 8 9 25 40 43 44
2 1
28 41
2 2
7 41
3 5
19 20 34
5 1
10 11 14 24 39
7 10
0 2 3 24 32 35 38
2 1
25 36
7 1
2 14 15 16 20 24 38
4 0
18 31 32 35
6 2
3 20 32 33 38 44
4 1
33 35 39 44
2 1
20 39
4 0
4 20 26 42
2 10
4 41
6 100
1 28 30 33 39 41
5 5
1 3 4 14 25
2 5
15 17
7 1
15 20 24 25 27 29 31
7 1
2 5 11 23 30 31 41
5 2
38 39 40 42 44
3 2
24 30 31
6 2
0 10 12 20 24 33
5 2
5 9 11 33 35
6 3
6 10 13 24 27 29
4 2
12 37 41 43
2 100
1 20
4 1
9 12 32 43
6 5
10 17 24 25 29 44
5 5
11 17 29 39 42
6 3
2 6 12 13 17 22
2 0
4 32
5 100
0 15 28 38 44
3 10
6 12 19
4 5
0 8 10 23
6 1
3 12 19 25 26 35
3 0
29 36 37
7 10
3 4 5 9 12 27 37
6 1
21 30 31 34 38 39
4 0
9 18 19 22
2 1
4 42
6 0
6 12 17 22 23 43
3 2
2 31 37
7 100
2 6 10 14 22 25 41
4 5
12 26 33 44
2 1
14 20
6 0
2 11 22 34 38 40
7 0
1 10 17 23 28 30 31
3 100
39 41 43
6 0
7 13 19 23 24 29
4 0
11 16 38 39
5 5
10 11 32 34 41
3 2
14 32 35
5 1
5 15 23 25 38
4 1
23 34 36 42
2 0
27 37
7 2
6 13 23 32 33 34 44
2 5
10 15
6 1
12 13 16 29 31 41
5 0
14 16 24 30 31
6 2
2 13 21 28 29 37
7 0
2 8 9 10 14 24 25
7 100
12 14 18 29 31 36 37
5 10
1 3 8 23 43
4 10
22 24 29 36
6 10
4 6 16 23 42 44
2 3
12 38
2 1
15 19
3 2
6 16 43
7 0
8 13 31 32 40 42 44
7 2
0 9 12 21 23 33 41
2 5
16 44
2 100
7 38
2 10
14 38
5 0
23 27 32 34 35
7 1
9 22 23 25 28 29 32
5 0
1 14 29 37 41
4 2
0 9 10 31
4 0
13 19 21 44
5 1
0 9 11 12 39
3 1
7 14 35
6 1
7 25 40 41 42 43
7 0
1 5 13 14 15 34 44
3 100
13 27 36
7 0
0 19 20 22 25 26 42
6 0
2 11 25 30 31 37
7 3
5 10 16 18 30 33 43
4 5
16 31 41 42
4 0
3 7 18 37
5 0
8 9 19 20 24
4 0
14 28 42 43
4 10
6 27 32 44
3 0
12 23 35
5 1
19 21 27 38 40
2 1
27 32
3 3
2 10 13
2 10
14 42
3 1
22 24 33
4 10
11 23 38 44
3 1
21 23 41
4 1
3 5 43 44
7 2
1 10 19 20 24 25 35
4 0
7 13 14 39
3 100
12 24 31
3 5
10 27 41
7 0
0 3 8 18 24 33 43
3 0
7 29 30
2 0
20 40
3 10
18 32 37
7 0
7 17 18 22 25 26 35
7 1
16 20 22 26 29 40 43
6 0
10 13 22 40 41 44
4 1
0 2 10 21
4 0
1 13 32 44
2 100
11 20
3 1
8 20 39
6 3
6 11 12 16 19 26
3 0
18 24 25
3 2
14 19 20
5 1
5 12 29 39 44
3 5
3 28 39
5 0
5 7 10 31 35
7 10
0 1 4 9 19 33 40
2 3
26 36
6 2
11 16 25 28 31 36
7 100
4 9 10 14 19 20 26
4 3
7 22 25 34
6 10
3 5 12 15 32 41
4 100
15 18 30 32
5 3
12 17 20 36 43
6 1
14 16 26 30 34 37
7 10
6 10 11 16 33 34 44
5 2
15 17 32 34 38
2 0
38 41
4 1
4 13 34 36
7 5
0 15 27 32 35 40 43
7 0
11 12 16 25 27 39 43
7 2
12 16 18 24 25 26 31
6 3
3 14 16 23 41 42
6 1
3 10 14 16 27 32
2 1
21 41
3 100
11 20 37
7 1
2 3 5 30 36 38 43
3 10
19 24 25
2 1
9 10
6 5
10 24 25 28 40 41
4 100
7 13 42 43
3 0
6 7 21
2 3
24 41
6 100
3 5 17 25 30 44
6 3
5 9 16 22 31 33
2 5
25 29
7 0
3 15 18 26 28 30 39
7 100
15 16 17 30 36 43 44
5 3
12 14 21 24 27
4 0
1 18 28 43
4 10
4 7 31 42
4 100
14 21 24 27
4 0
4 8 11 34
3 100
23 25 40
6 0
6 9 25 31 32 33
6 2
12 14 25 26 31 40
3 1
1 10 41
2 5
21 38
6 0
7 12 18 25 36 44
6 3
2 15 17 24 27 31
2 2
23 30
2 1
1 34
2 5
31 35
4 0
5 17 29 37
4 1
2 11 19 20
6 5
2 10 16 32 36 44
6 0
1 5 14 16 27 33
6 10
4 16 22 24 30 42
7 10
0 10 13 15 21 34 44
7 100
0 10 25 37 40 41 43
2 0
16 30
3 1
2 11 16
7 3
12 14 30 36 39 40 42
5 3
3 8 9 20 41
4 3
17 19 26 42
5 100
11 13 21 23 38
2 100
15 17
4 1
26 34 36 40
7 0
0 9 20 21 35 38 44
6 100
2 10 27 29 31 43
3 1
27 33 43
3 3
2 33 34
5 2
7 20 27 32 35
5 2
1 7 15 16 18
5 3
4 11 21 29 43
5 1
11 22 27 30 44
7 5
5 11 15 31 32 38 39
3 10
4 9 22
6 1
5 18 20 24 30 35
5 0
14 19 33 36 39
4 3
19 23 34 43
6 10
0 1 11 19 24 40
2 0
10 43
2 5
13 15
2 5
39 43
3 10
4 13 39
2 10
5 36
5 5
2 8 30 39 43
6 3
0 3 8 12 36 41
3 100
12 19 39
2 5
11 19
4 100
4 16 25 37
6 1
2 19 26 27 28 41
2 10
8 19
7 100
4 18 22 24 29 34 44
2 2
2 38
3 0
16 27 30
4 5
0 9 21 35
2 1
42 44
4 0
7 22 25 28
3 1
3 12 22
7 0
8 11 28 29 32 38 40
4 0
9 10 28 36
4 3
4 5 18 27
7 10
4 13 14 17 23 32 38
4 2
4 11 18 30
3 5
9 27 38
2 100
17 41
4 10
12 24 34 39
7 10
5 10 14 23 28 40 43
2 0
19 36
4 0
12 13 41 43
2 3
0 14
2 100
6 29
4 1
7 32 33 39
4 10
0 22 28 38
3 100
1 15 27
6 1
8 12 13 17 28 29
3 3
8 9 19
7 0
1 11 24 31 32 35 36
3 10
5 26 36
2 3
10 22
5 1
14 31 32 37 42
2 0
2 23
5 1
0 8 33 40 42
4 100
17 18 21 44
7 0
9 15 17 20 24 33 34
4 10
1 26 38 44
4 0
6 18 33 38
4 10
2 20 29 32
7 0
1 4 5 14 15 18 25
3 10
2 4 31
7 1
10 19 25 26 27 37 42
6 1
5 6 12 34 36 37
5 0
2 5 14 15 22
5 3
1 14 15 24 25
6 10
4 8 9 27 34 43
5 0
0 9 14 34 39
2 0
28 31
2 0
31 38
5 1
0 7 10 14 17
2 2
19 33
7 5
0 4 14 15 30 33 37
4 100
29 30 31 38
3 3
38 41 43
7 10
17 21 30 35 36 38 44
2 3
9 12
6 100
5 10 19 21 25 42
6 10
5 7 15 18 24 35
5 0
1 11 23 37 39
3 0
1 11 24
7 10
11 22 26 27 30 36 38
2 100
7 16
4 3
5 14 22 25
2 1
3 15
2 10
1 12
6 0
4 7 16 17 22 44
3 100
10 29 44
2 1
18 26
4 0
3 8 30 41
7 0
2 4 6 8 18 28 35
5 1
6 10 14 30 44
5 100
12 20 36 39 42
5 0
1 3 4 17 32
2 10
18 27
6 1
0 9 10 27 28 39
7 0
11 20 22 29 32 33 43
3 5
29 39 43
7 1
3 5 7 14 17 22 44
7 1
3 5 17 24 35 39 41
3 3
10 11 22
2 1
6 37
7 3
1 3 7 9 23 37 38
6 100
7 21 27 28 38 40
7 0
1 12 13 16 17 36 43
3 1
11 21 26
5 10
11 15 23 25 43
4 5
8 23 24 36
6 10
6 8 22 38 40 43
6 100
8 14 21 27 28 38
7 10
4 12 15 20 29 38 42
7 0
4 12 14 28 37 42 44
2 1
13 28
3 5
13 26 40
3 1
2 21 25
6 1
6 16 17 21 26 40
4 0
9 28 37 44
2 3
33 36
3 0
26 28 35
7 10
1 10 13 16 34 35 36
5 1
7 17 21 33 36
5 0
33 34 36 42 44
3 2
18 39 42
2 0
30 31
6 0
3 5 10 29 34 36
5 3
3 10 16 21 25
7 100
5 8 10 11 29 33 35
5 0
2 21 25 32 37
3 3
0 15 17
3 2
23 31 38
4 1
10 24 37 44
7 100
5 19 30 33 34 39 40
7 10
6 9 10 12 19 20 36
4 2
3 19 21 43
5 2
9 17 24 31 37
6 1
7 11 18 30 34 35
3 0
1 11 19
5 10
4 14 18 39 40
6 0
12 13 14 17 32 33
2 1
23 32
7 0
8 11 15 19 25 26 40
5 5
13 14 27 34 36
3 3
7 23 33
2 1
32 37
7 0
1 11 17 18 20 25 28
7 1
1 9 20 26 29 38 39
3 3
17 28 40
3 10
8 9 21
2 5
5 24
7 0
6 7 12 25 29 32 44
4 2
4 33 37 41
2 3
22 23
4 2
0 2 6 44
4 1
4 13 18 30
6 1
2 3 34 41 42 44
3 0
17 18 25
3 1
14 20 30
4 3
7 18 23 33
4 0
10 17 33 44
4 10
3 26 27 43
7 0
4 11 17 21 27 30 37
5 100
16 20 26 28 36
5 1
2 6 8 23 34
2 0
26 30
2 1
14 41
4 1
5 10 21 24
4 100
3 16 17 38
5 0
10 25 28 36 38
6 0
5 6 9 16 30 34
7 5
1 2 12 26 27 29 35
2 2
10 41
2 5
5 16
2 1
28 38
4 0
1 6 11 29
7 0
2 4 14 16 30 42 43
2 100
31 37
2 5
1 44
4 100
5 15 23 24
6 100
9 17 25 27 33 38
5 100
0 10 27 33 37
3 2
6 16 36
3 1
30 31 33
2 1
35 36
3 10
5 24 34
7 100
2 7 13 14 18 32 35
3 10
36 39 42
2 0
15 43
7 5
3 20 26 29 32 34 35
3 100
6 23 29
6 5
2 7 14 23 31 35
4 1
6 9 15 18
7 5
5 7 8 17 23 28 29
7 10
2 9 12 15 26 29 40
3 1
14 19 31
3 1
17 24 41
3 10
5 15 25
6 1
0 1 13 22 34 35
7 1
2 5 20 29 33 39 40
5 100
8 21 25 35 42
5 2
0 4 17 24 29
2 3
19 21
5 0
9 18 29 34 35
4 2
5 14 22 28
7 3
20 21 31 36 40 43 44
2 0
22 33
3 100
9 20 29
4 10
9 19 30 31
2 100
10 14
6 100
14 21 27 37 42 43
5 10
17 18 32 36 43
2 0
3 32
6 0
6 13 23 34 37 41
4 0
30 34 35 39
4 3
11 31 36 42
2 0
2 27
4 100
6 13 22 34
6 0
1 12 23 28 33 42
4 100
8 9 12 17
4 2
7 20 42 43
2 0
1 12
3 1
13 15 40
3 10
4 8 9
2 1
8 29
3 2
5 19 22
4 2
17 27 32 44
6 0
2 15 21 22 24 40
7 0
0 6 9 19 30 32 40
5 5
7 14 28 36 39
5 0
6 9 11 18 31
6 1
5 7 23 28 31 41
6 1
1 25 27 32 40 42
3 2
29 34 41
4 3
0 20 26 36
2 3
32 34
6 0
9 12 16 23 33 40
2 1
4 31
4 5
8 13 19 25
5 2
11 24 26 32 44
5 1
3 17 21 32 38
2 10
4 30
6 3
4 8 26 33 38 42
7 0
13 33 34 35 36 37 38
7 0
0 1 3 8 13 31 43
4 10
2 4 34 38
5 100
0 2 5 11 26
4 0
5 14 15 18
7 2
10 22 31 33 35 38 41
7 5
0 1 20 22 27 33 35
6 100
3 10 29 36 42 43
4 1
13 17 29 43
4 1
1 10 17 30
3 10
1 12 42
3 10
13 26 43
7 1
1 3 5 27 30 34 40
2 2
33 38
5 5
4 5 29 36 39
6 5
24 26 27 29 30 35
3 10
32 34 40
3 5
2 26 33
5 10
4 16 17 18 40
4 3
2 3 33 44
6 2
1 11 17 28 34 37
7 1
3 13 20 24 30 36 42
7 0
5 8 10 27 36 37 42
3 1
31 35 38
7 5
2 5 6 9 12 22 25
3 1
2 18 21
4 0
7 9 35 42
2 10
1 25
4 10
7 13 29 40
3 0
5 16 24
6 5
11 15 29 34 37 42
4 3
28 29 35 39
3 10
11 20 27
4 0
1 16 20 32
3 2
14 22 35
3 1
10 23 40
5 1
23 24 32 42 43
2 5
25 36
7 10
7 21 25 36 37 39 40
3 0
1 6 21
4 5
20 23 25 39
4 0
2 5 23 36
2 1
34 37
2 2
2 41
6 1
12 20 21 22 30 32
5 0
1 13 15 23 43
5 3
4 9 17 21 29
5 0
3 31 33 34 38
5 1
10 16 28 29 44
5 0
3 9 12 14 15
5 10
0 12 15 22 30
7 0
0 7 12 28 32 35 38
6 2
18 20 27 28 34 40
3 3
10 28 37
7 2
21 25 27 30 38 41 42
4 5
6 14 23 29
6 2
0 1 8 18 20 41
4 1
11 31 41 43
5 100
13 17 26 34 44
5 10
4 14 21 37 38
2 100
24 41
4 0
32 34 40 44
5 0
1 5 10 27 43
3 0
12 30 43
6 1
5 10 11 24 39 41
2 0
22 43
5 2
5 8 12 30 36
3 0
18 26 32
5 1
6 12 18 20 32
5 5
14 17 18 28 33
2 3
36 42
5 5
7 8 9 15 31
4 0
2 9 12 15
4 1
16 22 38 39
2 5
31 37
5 100
10 15 35 42 44
3 1
4 5 31
7 1
0 1 10 16 21 26 29
5 2
0 3 11 25 43
3 5
21 29 30
5 0
1 16 36 40 42
2 0
23 30
2 100
42 44
7 1
2 18 21 24 33 35 43
5 0
0 3 8 24 32
3 100
5 29 32
4 2
13 32 37 43
4 2
4 8 13 38
2 1
2 9
6 1
0 7 18 20 22 37
4 0
0 4 5 16
2 5
13 21
6 10
22 23 29 30 39 41
7 1
0 9 14 17 28 31 35
7 0
9 12 13 19 29 42 44
6 1
2 8 14 28 39 41
7 3
17 23 27 37 38 40 42
3 100
24 27 43
3 0
31 34 42
6 0
0 8 11 13 15 23
3 2
3 27 38
6 2
17 19 25 27 33 38
5 3
6 12 13 23 35
3 2
7 20 29
3 5
12 23 43
5 3
8 10 11 26 41
2 5
18 27
2 5
25 39
2 2
32 38
3 0
16 22 30
3 10
5 15 33
7 1
0 15 16 19 20 35 37
6 0
1 6 13 18 30 32
7 1
0 2 11 12 14 24 35
2 1
30 39
6 0
2 4 7 12 13 41
4 1
7 8 18 24
7 0
2 5 6 7 18 19 30
7 1
3 8 20 21 24 34 41
4 3
3 5 33 34
4 2
21 24 25 33
5 3
7 12 21 24 41
7 10
2 15 17 24 26 31 35
6 0
8 9 17 25 28 34
7 10
3 6 14 21 31 32 35
6 0
3 5 9 13 21 36
3 0
19 40 43
6 0
1 4 16 34 35 38
6 3
7 11 14 18 25 35
7 1
15 21 23 32 33 34 42
2 3
4 8
4 0
6 26 28 44
3 100
8 16 31
5 2
3 16 21 31 35
3 1
22 26 35
6 10
3 16 18 22 28 42
5 3
0 22 27 37 41
4 1
12 14 36 40
5 100
18 23 28 35 40
4 0
1 5 10 27
5 5
1 6 22 24 39
6 5
3 22 28 30 33 39
3 2
7 34 40
2 0
1 9
2 5
6 43
7 100
0 3 13 22 28 34 40
3 2
7 23 30
2 0
17 39
2 0
0 32
7 0
10 11 15 18 23 24 36
2 100
20 26
3 1
5 27 35
5 10
9 13 14 31 41
4 1
26 35 38 43
6 0
4 5 14 17 35 42
7 0
9 11 12 19 22 40 41
4 0
6 18 26 32
2 0
3 42
6 2
2 3 8 21 25 42
5 1
3 7 14 15 36
7 1
6 13 14 20 35 36 40
2 2
20 39
6 2
19 21 26 28 30 43
6 2
19 20 32 37 42 44
7 1
2 16 17 22 26 35 38
5 5
4 13 18 21 36
5 1
3 25 29 34 38
5 2
1 5 20 28 33
3 0
18 23 29
6 1
8 11 12 17 18 36
7 1
3 6 8 13 19 30 36
7 5
2 4 5 9 27 28 36
5 1
11 25 32 36 43
7 3
1 15 16 19 31 32 41
5 3
3 5 10 22 30
4 3
15 22 25 36
2 1
18 36
3 5
12 17 31
4 5
10 30 40 44
4 5
7 18 24 29
3 100
17 31 43
4 1
1 19 27 41
7 5
9 15 28 29 39 40 43
7 2
3 6 8 18 20 25 39
7 0
4 10 14 27 33 37 38
4 0
3 25 33 36
2 1
5 44
3 0
0 3 20
4 10
4 8 12 14
5 1
7 24 30 34 37
6 1
4 7 8 24 28 31
3 5
9 21 43
5 1
9 11 16 18 20
6 5
6 15 23 26 34 41
6 1
0 1 10 27 29 34
4 10
17 22 31 40
5 1
11 29 32 34 35
7 0
2 5 12 17 32 34 36
7 2
1 6 11 24 26 29 31
5 100
6 18 20 22 29
6 5
25 27 28 33 40 43
4 100
1 35 39 42
4 100
9 22 32 39
4 10
28 33 34 41
2 2
19 28
4 1
0 34 41 44
3 100
17 33 35
5 0
14 15 16 20 40
2 0
2 21
7 10
2 5 6 8 20 28 34
6 0
7 15 23 27 35 42
6 3
14 18 27 30 32 42
7 0
13 15 17 18 33 34 40
3 100
7 8 28
3 2
1 2 22
2 1
12 44
6 1
2 3 7 22 24 39
7 1
0 2 7 12 23 28 29
3 5
17 39 41
5 100
4 5 21 35 37
5 1
2 21 23 34 44
4 0
3 16 33 36
7 1
2 4 16 18 19 22 30
6 3
17 26 30 34 38 43
2 3
20 31
2 1
16 40
5 2
6 7 17 28 32
4 2
17 18 30 39
2 2
5 23
6 5
17 21 22 24 35 41
5 0
3 6 10 16 25
2 0
17 19
4 10
0 22 30 32
3 100
12 28 32
3 100
17 27 36
7 5
8 17 22 25 26 40 43
5 0
7 14 17 26 42
7 0
2 11 15 16 17 19 38
4 0
4 15 36 37
5 1
6 18 25 29 44
2 3
15 32
3 1
6 20 34
3 2
1 18 35
7 1
12 14 19 20 23 29 39
3 0
2 8 43
3 1
7 36 40
7 1
0 2 7 19 28 31 41
7 0
0 2 9 11 15 22 26
7 2
0 11 15 24 25 37 43
2 2
17 24
7 2
8 9 14 17 25 28 39
2 3
38 40
7 2
4 5 12 18 26 29 40
2 5
7 15
5 0
1 7 11 35 42
6 3
0 2 8 29 40 42
6 5
0 4 26 27 35 37
6 2
12 18 20 24 26 41
3 100
4 27 37
5 100
15 22 25 37 39
7 1
2 15 20 21 24 26 27
6 3
1 30 37 38 41 44
2 0
9 13
7 0
15 16 29 33 34 35 40
6 5
2 4 6 7 17 18
6 100
3 16 21 37 42 44
7 5
1 21 29 30 32 38 41
7 2
1 4 11 20 29 31 44
5 1
8 26 27 30 31
7 1
18 25 30 31 36 38 42
3 1
2 22 33
6 2
5 13 17 24 27 44
4 10
3 8 9 14
5 3
11 26 36 39 43
2 2
11 29
3 0
7 14 15
3 2
1 3 23
2 10
16 23
4 5
1 5 16 27
2 3
14 31
2 3
32 44
4 3
5 21 30 32
6 3
9 18 19 20 24 37
2 10
12 24
6 10
2 10 16 22 25 42
2 0
5 15
5 3
17 26 34 37 39
7 10
6 8 21 24 26 32 41
4 0
2 5 30 35
3 3
7 25 44
7 3
2 3 4 12 22 25 28
5 0
1 9 15 27 32
2 2
3 39
4 1
4 7 11 35
6 5
6 15 16 20 26 36
3 100
1 22 40
7 1
2 4 13 16 23 31 44
3 1
1 6 14
4 100
3 21 25 29
3 5
6 39 41
4 3
5 14 21 40
4 0
2 9 30 44
3 1
5 23 44
5 0
1 9 31 33 41
4 1
10 29 30 31
3 3
8 9 40
5 0
6 10 13 18 33
6 1
1 13 24 25 26 43
2 10
5 38
4 1
9 14 24 39
2 1
1 21
3 2
13 36 38
4 3
9 13 37 42
4 2
11 31 33 37
7 3
1 2 8 11 17 20 35
4 0
5 28 37 41
5 3
0 7 19 23 33
4 1
3 18 19 30
4 1
1 25 30 31
5 1
0 6 15 17 31
2 2
13 16
7 10
0 1 4 5 30 35 42
4 5
28 29 33 37
5 5
4 22 37 39 44
7 100
1 7 25 28 37 42 44
7 100
15 20 21 22 29 34 43
3 10
1 15 25
4 3
14 26 40 44
4 2
7 13 27 33
6 1
2 3 7 10 34 42
2 5
5 12
7 0
0 2 12 21 26 35 43
4 0
5 33 35 41
6 3
9 18 19 25 33 35
5 0
11 12 17 19 33
4 0
0 6 26 35
3 5
9 11 37
3 5
16 37 44
5 10
3 6 7 22 30
6 0
4 8 18 22 37 40
6 1
3 9 10 15 18 28
3 1
7 16 32
2 5
2 17
5 10
4 6 21 37 39
2 1
11 16
4 100
13 14 37 40
5 0
0 1 18 42 43
7 3
0 7 9 16 23 27 29
2 0
2 8
3 3
4 30 37
7 2
4 11 21 25 27 31 40
5 3
4 21 23 35 40
4 10
4 25 30 43
2 3
2 22
4 100
1 8 9 11
4 10
18 34 42 44
6 3
7 13 15 25 33 39
2 1
6 39
6 0
0 5 15 18 30 31
2 1
23 28
2 0
16 17
6 0
3 19 28 30 38 40
7 0
3 6 18 24 36 43 44
2 10
16 38
2 100
9 27
3 2
6 20 27
6 1
10 24 29 31 32 33
2 1
21 35
3 0
1 9 18
6 1
5 17 23 24 42 43
5 10
12 23 34 41 44
3 1
8 20 23
5 3
0 4 24 31 35
5 1
0 6 15 30 38
7 3
3 9 11 17 23 25 37
7 5
11 23 29 31 32 39 42
4 1
27 32 35 38
4 0
3 36 39 40
3 0
7 23 32
3 1
20 24 39
7 2
5 8 12 22 25 28 35
2 3
8 11
4 0
21 31 39 40
4 0
0 7 13 42
6 5
1 3 32 39 40 43
3 3
26 43 44
5 0
20 24 28 29 32
6 0
2 6 10 11 24 28
5 1
1 7 15 20 29
5 100
14 17 18 28 44
5 100
0 10 16 20 33
3 1
14 21 41
7 3
0 11 14 25 29 34 36
2 0
18 38
7 3
0 3 6 7 16 26 42
2 0
7 32
7 100
3 11 17 19 24 27 28
4 0
1 10 17 37
2 5
21 41
7 0
1 12 16 26 36 39 44
7 10
0 6 17 25 36 37 43
4 0
2 18 19 31
3 5
3 26 42
2 5
22 39
5 10
10 16 29 33 41
6 0
0 7 21 22 25 40
6 10
4 17 21 23 28 32
4 0
3 4 22 23
7 2
0 7 12 22 26 28 41
6 0
1 6 15 26 35 42
5 2
12 18 20 30 34
7 2
0 2 4 5 7 26 28
5 3
0 3 21 25 36
7 2
6 16 21 22 26 27 43
6 2
1 2 14 33 37 44
4 100
0 1 4 13
4 1
6 18 19 38
7 1
0 12 16 25 26 39 41
2 1
10 41
2 1
8 43
7 10
2 7 12 16 17 23 37
2 5
8 14
3 1
0 13 14
7 1
4 27 29 31 32 34 40
5 0
14 15 18 32 35
2 0
12 29
6 3
12 13 16 29 30 44
5 0
3 5 10 28 29
6 1
8 17 21 27 28 30
7 2
3 4 9 14 24 36 41
6 0
2 12 27 31 35 38
3 3
6 23 27
6 1
6 23 25 33 35 42
7 0
7 8 18 23 36 40 41
3 1
20 42 44
4 0
17 18 23 25
2 10
10 27
2 5
24 28
5 10
24 35 36 38 39
4 0
3 9 28 38
6 10
0 9 10 23 29 44
4 100
8 13 22 44
2 100
5 9
7 1
9 13 14 20 28 30 32
6 3
0 21 24 29 31 38
6 0
6 11 14 24 29 33
2 0
19 39
5 2
16 21 30 37 38
2 100
7 43
7 10
9 13 14 22 25 27 29
6 3
19 24 26 31 36 40
4 0
2 8 23 43
5 2
2 15 19 20 36
3 1
14 24 44
4 5
4 9 11 40
5 1
1 7 17 21 28
5 1
6 14 15 17 25
7 0
6 9 28 29 34 38 42
6 100
1 4 20 30 33 37
7 100
1 5 6 19 26 33 42
6 100
8 22 27 32 34 44
7 100
9 33 35 37 40 41 42
2 0
16 23
3 1
22 29 34
4 5
0 6 22 24
7 1
7 9 16 20 22 25 44
7 3
1 4 17 21 26 29 32
4 100
8 11 28 44
5 1
1 7 10 25 36
5 10
14 18 37 38 42
2 0
0 1
3 5
10 23 37
4 3
3 10 11 26
7 3
10 13 15 22 23 34 37
7 3
2 7 12 25 26 36 39
3 5
13 28 29
4 100
6 7 21 34
7 1
2 3 4 31 33 37 38
7 0
12 25 27 35 36 38 44
3 1
3 23 35
2 0
0 27
6 100
1 2 11 19 28 43
3 1
7 32 41
6 0
9 12 16 30 34 40
7 5
1 2 4 15 27 31 41
4 3
4 30 40 41
5 1
0 8 16 17 33
6 2
0 19 24 30 37 40
7 1
6 9 15 22 27 36 37
3 2
1 10 31
4 100
2 13 23 39
7 1
7 8 15 21 29 38 39
6 0
6 7 20 23 31 43
6 100
24 28 31 34 35 39
4 100
4 14 27 44
4 3
2 6 38 43
5 100
3 9 21 36 43
2 1
22 28
7 100
7 9 10 24 29 31 32
2 10
18 24
3 100
23 25 26
4 100
7 17 19 29
5 5
3 4 23 27 36
7 1
1 2 4 9 18 31 33
6 2
2 9 13 15 38 39
7 3
3 6 18 27 30 41 42
5 1
3 16 19 30 32
6 10
1 9 17 19 29 31
2 1
22 34
5 100
0 8 17 20 29
4 10
9 30 35 39
4 0
3 8 18 34
4 100
4 14 31 38
2 1
12 35
6 2
0 4 8 19 21 22
5 1
16 23 34 38 43
3 0
8 10 43
4 10
23 31 33 42
2 2
24 37
4 1
22 24 25 30
7 1
8 9 11 13 32 34 43
4 10
0 22 26 27
3 0
3 11 12
5 5
5 8 14 39 44
3 2
30 32 37
5 3
2 9 30 37 43
2 2
33 36
5 0
5 17 18 24 27
4 0
7 10 28 41
7 5
2 16 18 19 25 31 42
2 1
19 39
6 1
7 9 28 36 37 43
2 1
4 25
6 1
0 8 26 31 34 44
6 0
3 8 9 14 16 17
3 100
16 20 30
6 1
2 5 19 21 28 42
6 0
10 14 18 23 30 32
2 1
22 41
3 0
19 27 35
4 10
1 8 18 34
6 1
2 3 8 20 21 25
7 0
7 9 15 19 28 29 30
6 0
6 9 13 24 32 40
4 5
3 5 10 27
7 1
10 26 30 36 41 42 44
7 3
2 8 17 20 31 39 40
6 5
13 14 20 22 31 35
2 5
19 35
4 0
11 16 26 27
4 0
5 28 36 41
3 2
4 31 39
6 1
7 11 12 19 21 31
4 3
10 18 26 44
4 0
9 12 42 44
4 2
10 17 18 20
4 0
19 33 35 37
2 1
2 30
5 1
10 12 27 41 43
6 1
1 5 14 22 23 42
2 1
8 33
4 2
9 34 36 38
5 2
4 10 18 26 31
2 1
15 39
3 0
1 33 36
2 0
5 10
6 0
3 15 20 21 36 40
5 0
8 10 22 30 33
4 3
1 22 23 40
7 2
10 16 17 25 28 31 39
2 1
2 18
7 0
4 5 25 27 34 38 39
2 100
12 35
3 0
30 37 42
7 2
11 14 17 18 24 33 41
5 1
3 13 19 22 35
2 100
24 27
4 0
0 9 18 26
5 5
4 12 25 31 33
2 0
23 24
3 10
2 23 28
5 3
0 17 21 22 30
4 0
7 19 32 34
7 2
6 17 23 30 36 41 43
3 3
25 30 37
3 3
13 33 35
2 5
16 36
5 2
7 8 17 25 26
5 5
4 11 25 34 40
4 1
28 38 40 42
6 0
4 19 32 34 35 39
2 0
6 37
3 10
10 25 39
6 0
5 14 19 21 27 38
4 3
10 23 26 44
7 1
8 26 27 31 32 35 42
2 2
11 37
3 1
14 15 38
7 3
0 1 13 28 29 37 42
3 0
3 9 23
5 5
1 13 14 22 36
6 2
8 16 22 24 29 32
5 0
8 15 19 33 42
2 3
27 28
3 100
8 23 31
2 1
6 37
3 10
1 27 36
5 0
3 19 23 25 32
3 0
7 32 35
7 100
8 9 12 17 22 23 37
6 3
8 32 35 37 39 42
3 0
7 25 44
4 2
1 20 24 27
2 2
22 40
5 0
0 1 17 23 44
5 0
12 19 28 35 40
4 1
6 18 38 43
7 0
8 10 18 29 30 36 40
7 1
5 7 17 23 25 27 31
2 3
12 27
5 3
10 23 25 33 41
7 100
10 13 21 24 28 41 44
3 3
25 28 41
4 10
14 31 40 42
2 2
26 30
3 100
8 13 35
2 5
22 34
5 100
10 24 26 30 37
5 10
19 23 35 37 41
5 2
2 7 20 24 33
5 1
9 21 26 39 43
5 0
20 24 27 30 32
6 1
13 22 24 33 36 40
3 0
25 26 33
5 100
4 7 14 20 42
3 0
6 28 41
6 1
7 19 20 21 26 36
2 10
0 39
3 1
7 15 39
2 3
2 33
3 1
12 24 37
6 1
0 2 20 29 30 35
3 3
3 7 22
7 0
0 3 5 15 16 19 30
7 10
1 4 12 13 18 20 39
4 10
14 28 30 41
5 1
11 18 19 29 44
5 0
2 14 15 16 17
3 5
22 28 30
2 3
37 39
4 1
5 13 17 19
4 2
17 20 37 44
6 0
2 5 34 40 41 42
3 2
17 31 39
4 1
3 20 24 28
3 5
0 1 11
2 10
16 17
3 0
25 28 43
6 10
0 2 9 28 30 40
7 0
1 10 23 33 37 39 42
6 5
0 1 16 33 40 42
6 5
5 17 20 21 33 38
5 1
1 3 7 21 43
6 5
14 16 26 35 38 40
2 0
15 34
7 1
6 8 14 19 21 23 38
5 0
19 33 39 41 44
4 1
2 23 33 41
7 3
8 23 25 26 29 31 38
2 2
16 20
2 3
38 39
5 3
0 3 15 20 38
6 0
4 5 12 21 30 40
2 5
13 30
3 1
20 26 30
4 3
29 34 35 39
6 0
7 9 14 21 34 40
2 0
14 16
2 100
23 35
3 100
15 20 32
5 3
4 6 27 34 41
6 1
4 18 23 29 36 40
2 100
3 18
7 1
0 2 7 14 18 22 24
2 1
5 40
4 0
7 12 19 39
5 1
14 16 29 35 36
7 0
7 13 21 27 33 39 40
4 5
5 26 40 42
7 0
2 19 21 23 25 38 40
7 1
3 12 15 26 28 30 44
6 2
0 5 32 33 35 36
2 1
1 35
2 3
14 44
2 10
1 25
6 5
4 19 26 37 39 42
7 100
9 18 19 22 26 29 40
5 0
0 5 20 38 41
5 10
0 6 10 15 30
4 0
5 24 43 44
2 0
22 29
5 3
10 22 29 32 40
5 3
0 2 11 13 40
5 10
2 10 15 20 30
5 5
9 11 17 33 39
6 10
2 11 15 18 33 43
5 10
18 19 21 36 37
4 3
15 16 22 26
5 0
2 5 10 13 14
3 0
4 29 36
6 2
4 9 18 24 28 43
7 1
9 19 24 26 27 38 41
4 10
22 24 31 42
3 3
3 24 25
4 1
21 30 34 39
3 2
10 15 24
2 0
23 30
6 10
2 9 21 23 27 34
3 0
15 37 44
2 0
4 14
3 5
8 10 18
3 3
3 32 41
5 1
5 8 23 34 42
2 10
31 40
4 1
5 7 35 39
5 10
9 18 23 36 43
7 0
1 6 9 15 16 37 41
2 1
5 18
7 5
8 12 23 28 32 36 39
4 3
24 30 31 44
7 0
1 2 14 19 28 31 35
6 1
0 16 20 25 40 44
7 2
7 8 15 22 26 42 44
2 3
9 38
7 0
6 8 20 25 26 28 34
2 0
18 19
5 2
5 21 36 38 40
2 10
33 36
5 0
6 7 16 37 39
2 100
0 44
2 1
8 32
2 0
9 36
5 1
3 7 14 16 24
6 2
0 2 4 19 21 30
4 3
16 23 24 29
5 1
4 23 28 30 33
7 0
13 18 27 30 32 39 40
7 2
0 10 13 15 28 31 41
7 100
4 11 20 28 31 39 44
3 1
3 10 15
7 5
5 12 16 18 22 42 43
2 10
9 42
3 3
1 4 18
6 5
20 23 27 35 36 37
5 3
9 11 17 21 31
3 5
35 41 42
7 0
7 15 22 28 38 41 43
2 1
22 26
5 100
10 18 20 25 43
7 10
1 11 15 16 20 24 27
5 5
0 11 12 35 40
4 0
9 17 22 33
4 1
12 15 20 23
7 1
12 17 22 34 41 42 44
6 1
11 16 18 19 27 40
4 3
10 16 40 42
4 1
14 16 19 41
5 1
7 14 29 31 33
5 1
7 24 30 40 44
4 10
2 13 21 24
7 10
22 25 27 36 37 38 39
3 0
17 23 44
3 1
35 37 42
5 100
23 30 35 43 44
5 0
6 9 20 21 41
6 1
6 20 25 35 36 40
5 10
8 10 24 38 39
2 100
22 44
7 0
7 9 13 19 28 30 35
3 10
14 16 28
5 2
5 23 30 33 36
7 0
3 14 27 29 30 36 38
5 0
8 10 31 41 43
5 0
6 12 15 26 39
4 2
12 13 32 41
2 1
17 43
3 1
4 28 40
5 1
4 5 12 18 42
2 0
23 39
2 5
21 32
6 100
8 10 15 19 26 44
4 0
21 27 33 41
3 1
2 4 15
4 2
2 7 30 41
2 10
14 28
2 1
39 44
7 0
6 8 10 13 19 20 33
4 3
12 33 35 38
3 5
13 26 33
2 100
26 43
2 0
15 41
5 0
9 17 22 24 39
3 3
7 8 18
5 0
25 27 33 38 42
2 3
15 26
6 0
1 5 6 9 17 38
7 10
0 10 14 20 21 22 33
2 1
12 17
3 5
4 18 30
2 10
26 35
3 100
0 6 42
6 0
0 16 20 31 32 37
7 1
9 15 17 18 30 31 41
5 5
4 27 32 38 41
5 1
6 9 11 15 28
7 0
5 14 18 19 21 23 25
3 1
10 12 41
6 100
5 8 12 14 26 42
3 0
9 11 23
6 0
6 10 13 14 17 41
2 100
26 38
6 5
2 9 14 33 35 41
7 0
3 15 16 18 19 24 34
5 5
2 3 14 36 41
4 5
7 10 13 16
5 100
0 8 9 24 37
5 3
2 4 5 35 41
3 10
4 30 38
6 0
14 18 24 28 32 41
5 1
22 27 32 34 39
6 0
0 7 17 18 21 33
6 1
3 10 19 27 35 37
7 0
0 3 6 16 20 22 25
7 1
3 7 14 16 27 34 40
3 2
15 25 32
2 0
8 28
4 3
10 19 22 29
5 0
7 8 18 29 38
7 10
3 12 22 27 29 32 34
5 0
16 20 22 27 31
3 0
3 31 42
2 0
9 24
5 5
0 14 20 26 31
6 10
7 12 24 25 38 44
2 3
6 25
6 0
1 14 20 23 28 33
7 10
3 6 9 10 27 38 42
5 10
5 20 21 38 43
7 3
7 16 23 27 29 33 44
4 1
2 25 28 39
4 3
7 10 34 42
4 3
2 13 15 16
4 1
12 14 31 34
6 10
2 23 25 26 31 34
2 1
36 44
7 1
0 2 4 5 12 22 25
5 2
7 18 21 22 35
7 0
18 21 27 35 36 37 41
7 3
2 3 16 21 22 23 44
6 100
5 8 14 18 25 41
7 2
2 8 20 27 32 35 44
5 0
0 2 10 29 36
3 10
2 8 11
6 0
12 19 26 29 31 38
5 1
0 25 31 38 43
7 1
1 7 9 18 23 32 35
3 3
0 26 40
2 1
34 38
3 0
24 39 41
7 1
1 18 19 20 32 36 42
2 0
17 24
5 0
0 15 18 31 42
3 100
19 21 42
2 0
4 11
2 3
15 22
3 2
15 42 43
4 0
3 14 26 36
6 0
13 16 21 22 25 38
3 2
8 24 36
4 1
0 24 37 42
6 2
0 2 16 23 27 35
6 3
4 7 9 27 29 31
4 3
0 3 13 14
4 5
8 17 38 41
4 1
2 21 22 35
7 100
2 8 12 16 33 38 44
2 0
3 19
5 1
0 14 29 36 42
3 0
14 15 37
3 1
2 16 30
3 3
16 25 33
3 2
1 7 30
2 0
19 35
5 1
1 8 11 32 41
6 100
4 12 22 27 31 44
7 2
4 5 14 30 35 39 42
7 0
6 11 12 20 26 27 30
4 2
3 4 7 41
4 5
11 12 22 27
2 3
10 37
4 100
0 3 4 16
2 0
23 24
7 10
0 5 23 29 33 35 43
4 1
10 26 27 42
7 5
2 15 18 22 30 32 43
2 0
13 34
5 10
11 14 19 21 41
7 0
2 12 15 21 24 34 40
2 3
20 38
6 2
10 16 25 27 29 37
6 1
7 11 14 23 31 38
2 10
2 23
3 100
29 37 41
2 1
12 15
2 0
2 24
3 0
20 35 37
7 1
1 6 17 26 27 35 38
7 0
13 27 28 30 32 39 42
4 1
20 28 31 39
7 3
1 2 9 19 20 23 34
4 1
0 1 25 31
5 5
12 13 24 27 36
5 5
10 13 14 40 44
4 5
11 17 38 40
3 0
6 27 41
3 5
14 25 31
5 2
5 18 27 36 41
3 0
2 28 37
7 100
2 15 17 19 20 31 33
4 0
6 30 38 41
4 100
1 3 22 39
3 0
19 31 36
2 1
11 12
5 2
4 22 31 32 42
6 10
5 20 22 27 33 42
7 5
4 15 16 19 28 30 44
3 1
5 32 33
2 0
22 31
7 5
8 14 16 23 24 37 41
2 3
9 42
6 2
1 6 23 29 33 35
2 1
6 8
3 2
5 7 15
7 3
16 18 23 25 26 28 36
7 1
1 6 10 28 32 41 44
5 3
7 13 19 20 41
3 1
18 24 26
7 3
10 18 26 30 33 34 44
2 3
9 22
6 10
0 2 8 10 31 35
5 1
6 13 24 27 31
4 100
2 7 17 36
5 100
12 25 32 39 42
7 1
2 12 23 36 38 42 44
6 100
2 4 7 20 25 41
2 1
5 31
5 1
18 26 33 35 42
2 2
11 41
5 1
6 9 27 28 36
2 10
28 37
6 2
1 5 18 20 25 35
4 5
5 24 35 44
5 1
6 7 19 36 37
2 3
16 19
6 0
8 12 22 26 28 36
5 5
5 17 18 29 38
2 1
22 44
6 0
17 24 33 34 37 43
5 2
4 8 11 27 40
4 3
6 12 29 44
5 0
5 24 31 38 41
3 10
4 16 43
5 1
4 19 22 29 37
6 2
2 7 11 15 34 35
7 5
0 5 8 20 21 38 39
2 0
1 31
2 1
14 34
5 0
22 25 31 38 42
7 2
8 12 27 30 31 35 44
4 2
9 26 27 39
7 2
3 8 14 25 28 33 38
2 2
18 29
4 1
6 21 25 30
2 2
27 43
2 2
6 24
7 3
7 11 15 26 30 33 42
6 100
13 15 18 22 30 35
4 2
5 22 38 44
5 10
6 13 26 28 36
5 3
12 14 18 29 42
6 1
8 11 14 23 36 41
2 100
21 31
7 3
4 11 18 33 35 42 44
6 1
2 7 31 38 41 42
4 3
9 13 20 33
5 5
10 11 13 18 25
6 2
2 10 16 20 23 33
6 5
2 3 6 7 38 42
7 0
3 5 11 26 27 37 44
3 1
12 18 20
3 2
32 33 38
5 1
11 15 18 23 33
7 1
7 8 28 34 36 39 40
6 2
1 23 31 36 37 44
3 10
0 16 44
4 0
2 6 30 41
4 1
4 10 33 43
2 3
19 21
4 10
9 32 36 44
2 3
13 42
6 1
0 10 11 13 28 44
5 10
4 11 20 31 39
2 10
15 18
2 3
4 20
4 0
6 9 27 37
6 10
6 10 17 19 35 36
6 1
8 12 18 30 35 38
6 0
10 24 33 36 40 43
5 3
2 19 22 40 43
2 5
22 44
5 1
15 25 37 41 42
2 3
6 20
3 1
17 29 34
6 3
16 21 25 26 36 38
4 100
8 11 21 26
4 10
17 23 24 26
4 5
14 21 33 40
5 2
2 11 24 28 29
2 10
17 30
7 100
1 2 6 7 16 32 38
4 0
21 23 38 39
6 1
0 7 24 32 36 41
5 3
3 26 30 34 41
7 100
4 14 15 17 23 40 42
7 1
13 14 18 20 31 34 38
3 0
16 35 36
4 1
7 24 35 40
6 3
2 15 19 33 40 44
2 100
0 20
7 10
2 5 20 25 30 39 41
6 100
3 13 31 32 40 41
3 1
9 10 40
7 10
1 5 16 24 34 35 36
7 1
2 3 4 13 19 22 41
4 10
2 4 21 33
6 100
9 12 14 16 33 34
4 100
19 39 42 43
4 0
16 19 33 36
7 1
11 19 26 33 35 37 43
5 3
13 20 21 39 43
3 1
9 34 36
3 1
12 18 42
3 1
24 29 43
3 0
4 30 36
7 0
2 17 18 19 26 40 44
7 5
0 2 5 16 33 34 35
3 3
0 15 22
5 3
1 3 26 28 36
2 0
3 41
6 10
15 31 32 34 36 37
2 1
23 37
5 3
5 15 16 25 41
2 5
30 34
5 1
7 9 11 37 38
5 10
11 19 26 37 44
7 1
13 14 15 16 17 29 42
4 5
26 33 34 43
4 5
9 16 20 35
3 1
1 11 43
3 2
12 27 41
4 1
7 20 31 42
7 10
4 6 7 14 23 31 35
3 5
1 8 29
3 5
7 19 29
7 1
3 8 23 28 32 41 44
3 0
15 29 40
5 2
0 9 14 28 29
5 3
6 7 19 23 38
6 3
2 7 12 34 35 36
7 1
14 23 28 32 34 41 43
5 2
2 17 33 37 43
2 1
3 7
6 100
1 18 30 38 41 44
5 3
2 11 22 28 37
5 0
11 17 25 30 34
7 100
2 6 14 15 33 37 40
4 3
10 24 26 38
7 10
0 4 7 13 18 31 44
2 5
6 14
7 100
12 18 22 23 24 28 44
6 100
4 9 22 39 40 41
3 0
4 21 30
5 3
13 21 23 26 40
7 1
3 8 15 16 24 32 35
6 1
10 17 21 22 27 32
5 1
2 16 17 36 39
6 5
2 10 14 24 37 44
6 100
14 24 25 28 29 42
7 0
1 8 19 26 32 34 36
3 0
4 20 39
6 5
6 13 15 33 35 44
4 2
6 19 31 32
2 0
1 27
7 1
0 2 17 36 37 38 42
7 1
11 17 18 20 36 39 44
3 3
16 34 39
7 0
1 5 7 12 25 39 42
3 0
24 29 41
6 2
1 3 5 6 22 27
6 0
2 14 15 23 26 35
6 3
10 13 18 19 26 31
2 1
23 32
4 2
3 17 23 27
4 0
5 31 39 44
2 5
0 25
6 2
4 8 16 22 23 36
7 10
0 9 12 17 21 22 34
5 100
2 7 9 12 31
3 0
4 5 41
6 100
3 6 12 20 33 39
4 10
0 7 17 38
6 0
3 13 17 21 36 40
3 5
2 20 35
4 0
0 8 33 40
4 1
18 28 37 44
2 10
26 44
7 2
0 18 20 22 30 32 43
5 0
0 8 15 18 26
7 5
2 9 11 18 20 25 30
7 5
2 3 6 8 9 32 39
4 0
1 5 19 44
4 3
6 12 16 26
7 0
2 4 20 34 35 37 39
3 100
0 9 17
7 2
2 10 15 24 25 34 36
4 0
2 22 28 32
7 0
2 16 26 27 31 33 44
6 3
2 3 10 28 29 42
3 0
19 23 33
6 5
7 12 18 28 30 35
5 10
4 5 9 13 24
2 10
30 34
4 0
0 3 14 16
4 2
10 17 33 44
3 0
1 4 41
6 5
4 6 8 27 36 37
4 100
12 28 29 34
6 0
10 17 25 29 31 41
5 3
7 24 25 33 35
2 1
2 38
6 2
7 14 20 24 32 41
6 1
0 16 26 33 36 42
7 3
5 8 11 16 19 26 27
4 1
21 23 24 32
3 2
28 32 42
3 3
3 22 29
7 10
6 11 12 27 30 33 35
3 5
7 22 37
3 5
2 6 35
7 1
0 1 4 28 31 40 44
2 0
15 38
7 3
4 11 18 20 23 31 39
5 5
9 14 18 38 40
2 2
9 31
6 5
3 14 17 20 26 32
7 2
0 5 10 11 15 21 25
4 2
4 8 12 14
5 1
8 17 33 38 39
7 0
7 19 20 34 35 41 43
7 0
0 5 7 14 18 33 38
3 1
7 12 44
6 0
2 10 11 12 34 43
6 1
0 13 15 35 37 42
6 100
8 17 18 22 35 40
5 1
3 4 16 30 41
3 0
5 11 30
7 1
3 5 6 13 23 29 30
6 0
2 17 19 34 35 40
7 1
5 28 29 32 37 42 43
5 10
13 22 28 29 41
5 1
14 19 26 31 37
5 3
9 14 23 29 35
6 1
1 10 17 27 32 33
6 0
5 10 14 21 28 35
3 100
10 32 42
4 3
21 24 26 27
3 10
21 23 36
4 1
5 8 17 40
6 2
0 4 12 20 40 43
2 0
12 35
6 2
5 11 17 18 26 33
3 0
8 19 39
2 2
27 44
6 3
3 12 18 21 39 43
7 10
1 5 9 18 28 34 40
6 0
0 6 19 27 30 43
2 3
17 18
6 2
4 16 22 31 35 36
5 10
3 12 15 29 33
7 1
0 9 13 19 22 32 33
4 10
1 12 19 25
7 1
2 22 30 38 39 42 44
2 0
16 20
2 3
11 15
5 0
3 4 27 29 33
6 10
6 10 14 27 32 34
7 0
4 7 13 34 36 41 43
3 2
3 23 31
3 1
9 17 28
5 3
15 33 40 42 44
3 1
8 12 35
3 1
5 11 27
5 10
0 15 17 33 44
2 10
43 44
5 10
12 15 22 24 37
3 3
6 9 23
3 3
18 32 37
2 3
4 17
4 1
1 19 22 35
7 0
1 4 10 20 22 33 37
6 5
4 10 25 26 30 33
5 1
3 7 21 31 40
2 100
20 25
2 1
7 39
5 0
11 21 34 37 42
7 1
0 10 11 14 15 31 41
4 3
21 26 40 42
5 0
8 12 16 24 27
2 1
21 31
4 1
8 15 29 32
5 5
2 3 4 9 21
3 3
5 15 24
4 5
2 15 22 44
6 5
0 1 2 15 17 35
4 0
3 15 26 42
6 3
10 13 20 29 35 36
3 1
13 16 27
2 100
0 28
4 1
8 9 13 37
6 0
8 22 31 34 41 44
7 2
0 8 13 16 26 38 41
5 0
4 8 10 17 21
4 100
9 12 22 28
3 1
8 11 23
7 0
9 11 20 23 26 32 43
3 1
9 17 35
2 2
9 37
3 0
9 16 37
4 5
17 24 28 36
2 100
5 9
2 0
23 30
5 2
0 13 20 27 33
7 0
3 7 15 22 35 36 42
4 100
10 19 29 43
7 1
3 4 6 15 29 41 44
4 2
0 17 28 40
5 5
4 17 29 34 38
4 1
4 6 18 26
5 0
1 5 6 35 40
4 100
3 17 22 40
3 1
2 20 21
3 1
6 7 43
4 0
9 13 18 19
6 2
17 20 29 30 43 44
6 3
6 8 13 23 27 38
7 0
2 5 6 26 30 32 33
4 100
11 24 25 35
2 0
10 20
7 1
1 6 7 8 14 19 20
2 1
17 22
2 1
4 22
5 1
5 14 16 24 34
5 2
4 6 19 31 41
3 3
5 9 42
2 100
11 44
2 100
14 21
4 5
1 4 29 36
7 0
8 11 22 24 26 33 42
6 1
9 16 19 24 30 33
6 0
2 9 13 23 27 36
3 0
7 22 34
6 1
4 5 12 19 25 33
7 2
3 16 20 23 24 27 37
5 10
2 12 36 37 40
4 100
6 30 31 39
2 1
15 32
5 0
5 11 12 25 41
7 100
4 12 15 27 29 43 44
7 5
1 9 17 34 36 40 42
7 1
10 18 26 30 31 36 37
7 0
3 6 13 15 19 31 41
6 3
6 17 24 29 31 44
7 10
1 20 22 27 29 32 37
3 100
13 19 20
3 10
17 23 35
4 10
3 6 7 26
5 5
7 10 18 40 44
4 1
0 38 40 44
4 0
8 13 18 39
4 2
14 18 19 31
2 0
23 35
3 2
1 25 30
6 1
9 10 24 32 41 43
6 1
2 10 22 31 33 34
7 0
6 12 21 23 25 26 28
7 2
1 4 5 23 26 29 42
7 0
20 28 29 32 33 34 38
2 1
9 10
4 2
8 26 36 43
6 5
5 9 12 13 36 41
4 2
10 24 28 30
4 1
16 20 27 32
6 1
5 8 19 20 26 43
2 10
28 36
3 5
17 31 43
7 10
0 1 7 28 29 31 42
6 5
7 15 18 19 30 36
6 1
1 3 10 21 27 31
4 10
7 15 32 36
2 10
10 31
7 1
2 13 18 25 27 38 43
7 3
3 14 19 28 30 35 41
4 0
5 17 28 31
3 1
1 10 29
5 3
1 31 33 37 43
4 10
3 20 26 32
6 10
4 7 16 19 31 42
3 2
3 11 31
2 1
2 26
4 2
30 32 38 41
7 10
1 14 18 19 22 26 43
5 1
4 7 15 26 40
5 3
6 11 12 25 42
7 3
4 8 9 12 17 31 43
5 5
8 20 24 29 37
4 3
2 15 25 40
5 0
6 15 23 36 44
2 2
20 23
6 1
3 4 16 27 33 41
7 2
0 7 14 21 22 35 40
7 100
2 3 23 25 29 39 44
6 0
0 4 10 26 33 41
4 0
9 16 22 38
3 100
9 28 41
7 100
0 3 4 6 10 24 34
6 5
5 20 21 36 39 44
6 1
1 13 14 21 24 44
3 3
16 19 43
5 2
18 26 28 34 36
4 1
8 15 26 34
4 10
19 26 38 41
5 10
7 14 20 21 36
2 0
2 17
4 1
11 13 14 41
3 0
8 20 37
3 5
11 15 23
6 0
10 14 19 30 36 38
4 5
5 32 41 43
6 1
9 17 20 27 29 38
2 100
17 32
6 100
1 17 21 32 33 44
2 1
16 39
4 3
2 12 19 27
3 5
19 34 37
3 3
17 36 41
6 1
5 9 35 41 43 44
6 100
6 7 15 16 20 35
6 3
14 30 34 37 38 40
2 10
12 44
4 10
4 11 26 37
7 100
2 3 13 23 35 38 41
2 5
34 37
2 2
3 20
2 3
9 41
4 5
15 36 42 44
4 2
1 11 15 21
4 2
1 3 4 14
3 0
5 31 41
7 10
9 11 13 14 17 28 41
6 0
2 4 20 31 32 36
4 100
7 9 28 30
6 1
18 25 26 36 37 43
4 100
11 17 22 36
2 10
7 8
4 100
9 17 26 29
6 5
4 18 21 25 27 41
3 0
21 22 23
7 5
0 9 14 21 23 27 29
6 10
2 4 10 23 27 37
7 0
0 5 6 17 22 29 40
5 0
5 7 9 30 33
5 2
14 18 21 32 41
3 1
21 30 41
7 100
5 6 18 28 32 36 39
3 10
6 21 34
2 10
13 43
7 0
0 6 8 25 27 34 44
6 0
1 2 15 26 30 36
4 1
8 17 34 39
3 3
4 10 28
5 3
13 14 21 23 36
5 3
8 17 27 36 38
3 10
9 17 20
4 0
4 9 23 44
4 5
0 22 36 39
6 1
9 22 27 30 31 40
4 0
0 13 19 20
7 10
2 16 27 36 38 42 43
3 0
10 16 41
6 0
0 10 12 13 17 39
4 3
23 26 37 42
5 100
2 3 15 31 34
7 0
7 12 14 16 17 23 26
2 100
21 26
5 100
11 13 21 36 41
4 10
2 6 22 44
2 0
1 3
5 0
3 20 31 34 43
7 0
2 4 6 22 29 31 43
3 100
5 25 27
5 0
16 21 25 28 35
6 0
2 12 20 25 28 36
6 1
1 5 15 28 30 41
5 2
4 5 27 38 39
3 100
7 9 14
5 1
4 6 23 39 43
2 1
34 36
6 1
10 16 22 32 35 38
5 0
16 31 37 38 43
3 0
13 29 38
6 0
10 12 13 21 22 33
2 0
15 29
5 0
4 12 21 35 40
7 3
0 4 12 20 21 26 40
7 10
4 5 9 28 38 40 41
6 5
1 15 18 28 31 39
5 100
2 5 25 33 37
6 10
9 12 18 21 26 44
5 10
19 26 30 32 38
3 10
26 28 33
2 2
15 26
5 2
13 15 26 32 41
2 0
4 15
2 3
0 23
4 10
6 28 31 44
4 1
10 12 16 19
6 10
2 3 4 14 19 37
3 100
21 37 42
2 1
4 13
6 10
0 8 24 28 37 42
4 1
4 11 17 39
2 5
10 32
4 5
2 9 36 43
4 100
5 19 20 40
3 1
19 32 36
2 3
0 29
7 100
9 10 16 24 30 33 44
3 1
10 35 37
4 0
10 11 23 40
3 1
10 11 28
5 100
3 32 36 42 44
7 1
9 11 14 31 32 38 42
2 1
17 36
5 2
10 22 25 30 35
6 0
0 13 16 22 31 37
2 0
25 31
4 3
6 8 11 41
6 1
5 24 31 32 36 41
2 1
0 5
2 5
22 32
5 5
6 8 16 17 39
6 3
1 8 30 32 34 38
6 1
2 10 11 22 23 41
6 1
1 16 22 27 39 41
5 0
13 24 26 37 44
3 10
6 10 20
2 1
3 30
2 1
6 22
7 5
1 19 24 25 27 35 41
5 1
12 13 15 22 41
7 0
2 3 13 21 22 28 34
7 3
3 10 13 18 20 38 42
3 1
7 15 19
5 1
1 11 12 14 39
5 10
3 5 27 37 39
5 100
6 30 37 41 44
4 1
17 22 29 44
3 5
6 24 30
2 1
28 29
6 0
0 8 14 19 27 28
3 1
0 35 39
3 2
10 19 26
6 0
6 15 35 36 41 44
5 10
11 13 17 27 29
6 1
10 18 23 26 28 38
2 100
15 19
2 1
7 11
5 10
5 21 26 30 35
5 1
16 32 34 37 42
6 3
0 5 14 18 23 37
4 1
4 31 34 43
5 100
0 8 32 41 42
7 0
4 9 12 19 27 34 39
2 1
3 29
6 10
1 2 6 12 16 36
2 0
28 39
7 10
1 12 17 26 33 37 40
5 10
2 26 40 43 44
6 10
6 13 18 23 24 29
5 2
3 10 24 38 39
5 1
22 24 32 37 39
5 5
2 6 16 24 43
6 1
3 6 13 28 41 43
6 5
11 18 31 33 34 38
7 10
2 3 12 14 23 33 35
6 1
6 23 30 35 37 38
2 0
5 40
5 1
18 20 27 37 40
3 1
6 17 38
3 0
7 32 40
2 5
23 44
3 1
14 21 43
4 2
3 21 36 41
2 0
39 41
4 100
17 25 29 44
7 1
6 7 23 28 33 38 44
5 100
2 15 18 29 40
5 5
0 2 6 28 43
5 3
2 3 4 8 15
6 1
17 19 22 26 38 43
4 3
0 26 28 31
3 5
11 16 28
5 10
12 19 25 30 36
4 1
6 12 24 40
2 10
18 43
5 10
4 9 12 27 36
6 1
9 20 25 30 38 41
4 0
10 19 20 42
4 2
0 11 13 33
5 100
16 22 24 33 37
7 5
7 13 19 25 33 37 44
3 0
27 29 33
2 10
26 34
3 1
4 23 42
3 10
2 34 44
4 0
26 34 36 41
7 10
6 14 18 24 26 33 37
3 0
3 5 12
3 1
21 22 40
6 0
0 7 19 32 34 37
4 1
9 26 42 43
3 2
6 11 25
7 2
2 4 13 20 24 27 41
3 0
7 16 22
6 5
1 8 14 23 24 32
4 100
17 24 35 36
4 0
18 21 33 43
6 100
2 5 7 23 36 38
5 10
12 16 32 35 36
3 1
19 31 43
5 10
16 17 19 23 30
2 3
5 14
7 10
0 8 10 15 16 23 36
2 5
33 36
5 1
4 5 9 13 21
2 2
11 27
4 3
15 21 23 27
3 0
13 16 33
7 10
3 26 28 32 37 39 43
3 0
11 13 39
6 5
4 7 8 9 24 38
5 2
4 8 15 26 28
5 0
0 13 17 22 36
6 1
0 9 10 19 39 41
3 1
1 26 34
5 1
6 14 31 34 39
6 2
10 17 19 35 41 44
3 0
29 33 39
2 0
19 36
5 2
1 5 10 38 43
5 0
12 18 20 22 36
6 3
21 24 26 28 33 38
4 0
8 10 14 22
5 0
13 15 20 22 42
6 1
0 10 14 26 37 38
3 10
27 37 39
4 2
21 23 25 41
7 0
1 20 25 29 31 36 37
7 2
3 12 14 22 27 30 43
2 100
6 20
4 2
28 32 38 41
6 0
15 24 29 32 37 44
5 2
5 10 26 29 39
4 1
21 22 25 43
5 1
9 10 25 26 33
4 1
23 24 38 39
7 1
3 4 6 17 30 37 43
2 10
2 6
3 0
10 31 41
7 1
0 11 21 28 33 34 42
6 100
12 24 32 34 37 41
3 1
16 21 38
7 100
6 18 25 29 37 38 42
3 100
14 20 34
4 3
26 31 35 42
7 0
17 24 31 34 35 40 43
4 5
0 4 12 28
3 10
7 20 34
2 1
13 20
6 0
1 4 6 22 29 39
4 5
4 23 32 35
5 2
4 9 31 34 43
6 5
9 21 22 28 32 44
3 0
5 10 21
6 5
0 26 28 35 40 43
4 10
2 3 4 24
5 10
5 17 27 28 40
6 3
3 4 6 17 26 30
2 3
5 41
7 100
7 8 14 16 20 23 43
5 1
2 28 30 34 40
4 2
6 10 11 32
5 0
4 7 30 35 41
6 1
0 11 14 34 35 40
5 3
8 19 22 35 40
7 1
4 14 20 29 39 42 44
5 100
11 16 17 36 44
7 1
16 20 31 36 37 40 44
3 5
0 28 37
3 0
3 21 26
3 100
0 7 30
4 5
13 19 30 43
2 100
11 16
5 3
5 16 18 36 43
2 1
21 36
4 0
4 12 24 38
2 0
22 24
2 0
0 13
2 1
6 22
6 1
31 34 37 38 42 44
3 0
4 21 33
2 100
8 25
3 2
4 32 44
3 2
3 32 39
6 0
2 8 14 19 32 38
3 2
20 21 36
5 0
8 14 19 25 35
4 0
1 10 13 34
5 2
13 15 42 43 44
5 10
5 27 32 37 42
2 1
8 26
4 100
12 18 38 41
4 10
19 21 26 36
6 0
6 7 28 29 30 32
2 0
19 44
3 10
12 18 23
5 2
1 17 32 38 43
2 2
26 27
2 2
5 11
7 2
0 8 14 16 21 22 41
3 3
1 23 32
6 2
10 14 23 26 31 33
5 1
6 9 11 13 32
4 0
0 24 26 43
2 2
4 37
6 3
4 6 12 24 26 33
7 1
5 14 26 34 37 40 44
4 5
5 10 13 30
3 0
25 34 37
2 0
31 36
3 0
7 23 25
4 100
12 27 32 38
7 5
0 1 2 11 12 15 21
5 5
0 4 6 9 22
7 0
1 4 16 29 30 32 42
5 3
13 15 20 39 40
7 0
2 3 4 5 11 29 30
4 0
10 16 19 32
6 3
4 23 27 29 32 35
6 3
3 17 22 23 37 39
3 100
26 30 43
3 1
15 21 32
2 0
3 21
7 100
0 3 9 23 36 39 44
5 1
23 26 29 30 32
3 3
2 3 30
7 1
0 9 14 19 20 29 42
7 2
7 9 26 28 33 39 42
4 0
0 25 41 43
6 100
2 6 8 11 13 35
2 1
9 44
6 0
2 6 8 10 21 35
7 100
8 13 16 26 29 31 39
5 3
3 9 14 16 32
7 2
0 7 15 22 32 35 37
3 2
12 17 41
5 100
6 11 27 30 44
5 10
10 17 26 33 39
3 0
31 33 44
6 0
0 10 26 34 35 41
7 3
1 10 12 18 36 40 44
6 3
8 28 29 37 39 41
7 1
10 15 20 22 33 35 41
4 100
20 31 34 38
7 2
9 12 16 19 30 31 41
6 0
4 6 8 12 14 39
4 10
0 24 38 41
4 100
20 26 27 36
2 3
9 44
2 2
10 21
4 0
1 8 15 35
4 1
5 33 35 37
6 100
6 15 18 20 36 42
4 0
15 20 26 40
4 5
8 25 42 44
2 10
5 6
6 3
11 13 18 19 22 26
2 1
8 21
4 1
8 13 28 33
5 2
5 15 25 29 43
2 100
2 26
7 1
8 15 20 29 30 34 37
2 3
1 42
4 100
19 21 30 38
2 0
8 9
3 0
0 33 40
5 1
23 27 28 29 41
7 10
3 4 11 13 17 19 42
3 0
6 19 26
2 0
19 27
7 5
1 2 7 21 22 24 28
2 10
1 21
7 1
0 6 9 11 12 37 42
4 0
5 13 28 34
5 5
4 9 10 34 42
5 0
0 14 15 31 37
7 0
1 9 21 33 36 37 43
2 100
22 43
7 2
1 3 6 16 32 37 38
7 100
1 9 15 23 27 29 37
6 2
8 10 13 14 28 34
5 100
17 20 22 26 37
6 3
5 15 29 32 40 42
4 5
3 9 19 43
6 0
6 8 19 23 30 44
6 2
12 17 23 29 36 42
3 5
2 12 29
4 5
3 4 24 28
2 1
5 39
6 100
2 18 25 30 32 41
7 10
0 27 33 34 37 38 42
3 0
14 15 17
7 3
14 15 22 23 24 34 37
3 10
1 16 44
4 0
4 14 19 31
3 2
11 23 40
7 10
0 6 14 23 27 40 43
5 0
26 27 28 31 35
7 0
4 9 13 26 34 41 43
6 3
12 20 29 34 39 41
7 0
0 6 12 30 38 42 43
6 3
7 8 15 17 21 40
3 100
34 41 42
6 1
8 14 23 26 42 43
5 1
7 8 23 32 41
5 0
3 4 10 15 37
5 1
8 12 25 29 35
2 5
22 27
6 2
0 11 19 21 23 43
7 1
1 3 5 17 33 36 42
2 3
12 32
5 1
3 4 12 41 44
2 0
14 24
4 2
14 19 39 42
2 3
11 35
6 1
9 13 17 18 27 41
7 2
5 15 19 21 24 35 36
5 1
7 13 21 22 32
7 1
6 15 29 30 35 38 44
2 10
5 23
7 5
1 2 7 16 23 29 31
5 100
1 6 28 29 41
4 10
1 13 30 37
3 2
9 33 38
4 1
4 24 37 44
7 2
10 11 19 22 27 32 39
2 0
1 4
2 0
1 6
2 100
9 13
3 1
6 29 33
4 0
14 19 20 40
4 1
4 8 16 22
4 3
12 19 22 31
5 100
1 30 34 40 43
3 0
0 10 35
7 100
5 9 14 18 26 40 41
4 0
0 2 4 26
6 5
12 28 29 30 33 42
7 10
5 22 23 24 29 42 43
6 5
2 15 19 20 38 39
7 1
10 11 22 25 32 35 40
6 0
6 11 13 25 27 31
5 10
4 17 19 39 42
7 100
3 5 13 22 40 43 44
4 3
10 14 23 39
2 1
17 40
5 5
17 18 22 23 25
7 10
2 7 14 25 30 36 40
2 2
0 29
5 1
3 20 25 27 36
3 5
23 30 33
4 2
20 23 31 42
5 2
10 12 28 42 43
7 1
3 12 20 22 35 40 42
5 0
4 14 19 33 36
7 2
6 9 15 22 26 28 30
4 5
6 41 42 44
4 0
20 28 30 37
3 1
12 15 34
2 0
34 42
4 5
7 28 36 44
3 1
8 12 36
2 1
9 10
2 100
13 39
6 5
13 18 24 27 32 37
2 2
23 36
3 100
6 10 14
4 5
0 26 35 40
6 5
5 10 12 17 28 39
2 1
39 41
3 3
21 30 44
5 100
12 13 25 37 41
6 1
1 22 24 26 33 44
4 10
24 25 30 35
4 3
23 29 31 36
4 0
12 16 19 22
4 3
2 18 28 32
7 0
3 17 21 22 37 42 43
7 3
2 12 14 17 20 32 44
6 0
10 11 22 29 34 38
6 100
10 13 20 26 28 30
3 100
2 8 19
5 1
7 8 22 32 35
2 3
25 44
3 0
12 17 22
7 3
3 5 16 29 32 37 42
4 0
7 25 29 39
6 0
4 31 36 37 38 41
7 0
12 22 25 35 38 41 44
6 10
15 24 25 29 31 42
3 5
17 19 35
7 1
1 5 10 17 18 19 24
5 0
17 27 28 35 43
7 0
2 3 7 14 15 23 35
2 3
8 39
7 1
4 11 16 17 23 26 28
6 1
5 8 10 21 30 37
3 100
20 42 44
4 2
19 22 25 43
7 1
10 13 31 32 35 43 44
6 0
4 5 21 31 41 43
2 100
26 28
4 100
22 26 30 43
7 1
21 22 23 31 36 37 44
4 5
6 27 29 41
3 1
14 30 43
7 100
2 14 16 20 21 22 24
2 0
24 43
7 2
0 13 17 25 30 37 39
6 0
0 4 5 22 30 40
5 10
4 9 23 31 42
2 3
9 23
4 1
11 24 25 42
6 100
6 9 24 26 33 36
5 100
13 15 30 39 44
6 3
7 15 16 20 25 26
7 0
1 3 21 25 37 40 41
3 1
5 17 36
7 3
2 3 7 11 18 20 27
3 1
5 25 37
3 10
31 36 43
5 10
19 28 39 40 44
2 10
4 22
6 10
6 7 17 20 24 26
7 1
4 6 10 16 28 40 42
7 100
1 3 15 29 38 39 43
4 1
9 15 23 24
3 10
12 37 41
7 0
12 14 15 17 25 39 43
2 1
17 41
4 1
1 35 42 44
5 5
0 3 18 22 30
4 3
11 13 21 35
2 100
7 42
3 10
11 14 37
5 10
14 15 19 36 41
7 5
1 8 15 22 26 29 35
2 1
33 37
2 2
41 42
2 5
7 13
5 5
6 8 20 30 37
5 5
3 32 35 37 43
3 0
1 21 42
7 0
9 10 13 15 22 28 35
3 2
13 15 24
5 2
3 5 32 35 41
3 10
18 22 44
4 100
27 34 35 38
4 2
2 12 20 27
4 5
3 23 34 42
4 0
0 4 19 23
6 0
7 8 22 24 31 37
6 1
1 5 7 8 12 23
5 2
19 24 33 38 41
2 1
22 27
7 2
4 15 21 34 35 37 42
4 0
1 3 22 37
3 5
1 26 29
3 10
34 35 44
6 0
1 3 16 20 30 39
5 1
1 8 15 27 36
6 100
1 16 21 40 41 44
2 2
22 25
6 10
2 4 9 13 18 34
5 1
3 8 29 34 35
5 5
5 13 18 29 39
2 2
16 24
2 1
20 35
5 100
1 16 25 27 39
6 0
1 5 18 22 29 39
2 0
1 29
6 0
1 14 15 18 23 26
3 2
7 20 24
6 0
1 19 35 40 42 43
4 10
3 28 35 37
4 2
21 24 34 38
4 0
22 26 35 40
6 10
0 1 17 18 28 33
6 100
11 28 30 33 39 40
4 1
0 8 19 28
3 1
13 18 34
7 0
5 16 17 32 37 40 42
5 0
21 26 27 33 37
3 0
1 32 41
3 5
21 42 43
3 1
0 12 23
4 2
10 30 31 37
5 100
13 16 18 19 33
3 10
27 28 40
5 100
2 4 13 14 28
3 100
18 23 36
6 2
3 19 37 40 41 42
4 10
3 11 29 32
3 5
12 19 29
2 0
3 43
4 5
11 21 26 41
4 2
5 15 16 19
2 1
3 17
2 10
22 35
2 10
8 25
3 0
21 27 31
7 2
7 14 16 25 26 38 44
5 10
7 19 22 24 41
6 10
3 16 20 23 34 35
3 3
10 18 41
3 100
17 20 27
5 1
18 20 33 34 35
2 100
38 40
7 5
21 28 29 31 35 37 39
5 1
12 24 27 38 40
7 1
7 15 24 25 31 34 41
3 100
6 31 34
3 10
11 15 26
5 100
5 10 13 28 39
3 3
13 15 36
4 0
8 13 28 38
7 100
6 16 20 24 25 29 44
7 10
2 4 8 13 34 41 44
2 1
35 42
6 5
19 22 26 32 34 43
2 5
8 12
4 5
11 13 20 40
4 2
2 10 21 31
3 1
7 10 43
5 1
1 4 8 10 31
5 2
8 25 30 37 39
5 3
5 6 11 37 42
6 1
21 32 34 35 37 41
4 10
0 11 18 19
7 0
6 8 16 18 25 35 37
4 100
9 14 17 35
4 3
8 24 30 32
3 5
8 43 44
6 100
0 10 12 16 21 26
4 2
11 31 32 40
3 2
37 40 42
4 5
4 8 14 29
3 10
0 4 12
4 100
2 9 11 41
2 1
27 39
3 100
11 20 41
4 3
10 13 30 39
7 0
4 10 11 22 40 41 44
4 0
2 7 18 30
7 5
8 9 10 21 26 27 44
7 0
14 17 18 22 24 25 27
7 1
9 13 16 17 21 22 34
2 0
33 44
7 2
9 13 23 25 30 31 44
7 1
0 17 19 21 31 34 43
4 10
17 18 20 43
7 1
3 6 11 30 38 40 44
7 0
2 3 4 6 7 26 31
7 0
4 7 20 25 26 28 42
6 5
5 8 12 20 30 33
4 2
3 12 15 32
5 0
1 2 12 26 44
2 10
25 39
5 2
4 21 22 32 39
5 2
27 29 30 35 39
4 2
7 13 21 36
7 5
2 16 19 26 37 42 43
7 2
1 2 6 8 16 32 43
4 3
0 6 31 43
6 10
8 18 22 28 35 42
3 100
8 17 20
7 1
1 4 9 11 22 28 39
4 1
1 9 14 15
7 10
2 5 9 13 14 42 44
7 1
11 13 15 17 23 25 43
2 0
3 42
5 1
8 9 19 27 32
7 1
4 14 23 25 33 39 44
4 10
16 17 22 23
7 1
0 8 9 24 32 34 38
6 0
5 14 23 30 39 44
2 0
2 36
7 2
2 5 8 23 29 37 40
5 1
2 7 10 14 33
6 0
1 7 15 18 38 44
3 1
25 27 41
3 3
7 19 27
2 0
2 3
3 1
13 21 32
6 5
19 20 32 33 43 44
7 3
10 14 28 29 31 39 42
6 2
1 2 9 17 28 33
3 100
1 4 17
2 1
14 32
6 2
2 16 23 24 28 41
6 3
10 14 17 18 23 25
4 1
14 34 40 42
6 0
9 13 22 24 31 35
4 1
0 7 18 29
7 10
0 1 2 26 36 40 42
4 10
31 33 39 44
3 0
7 20 27
7 1
9 11 16 25 29 37 43
6 1
6 21 30 31 32 43
6 100
14 18 20 25 29 34
6 1
1 12 17 26 27 29
5 2
10 14 23 31 32
4 3
17 18 32 44
3 1
9 20 34
2 100
22 23
2 5
0 20
6 3
0 12 13 15 28 43
7 2
2 8 9 10 34 38 44
6 0
3 4 12 31 39 40
4 5
9 10 20 28
5 10
10 20 24 30 41
2 10
8 40
7 10
12 14 30 31 34 38 39
4 100
2 18 27 35
4 5
4 28 37 43
3 3
6 31 35
5 0
6 8 22 26 29
6 0
0 31 33 39 40 41
7 1
5 13 18 24 34 35 43
7 10
0 1 9 12 21 26 31
7 0
4 12 19 24 31 32 34
3 2
9 12 35
2 1
16 34
5 0
1 5 6 19 31
3 3
10 27 31
4 5
3 7 16 20
3 1
1 31 34
2 0
16 42
7 2
0 17 22 25 26 30 34
3 10
0 8 17
6 10
14 22 26 29 41 42
6 1
0 6 15 19 32 34
4 0
7 11 15 43
3 100
23 29 35
2 3
14 16
6 10
10 19 35 38 39 44
5 1
5 12 22 31 33
5 0
20 21 35 36 44
2 2
22 31
5 3
2 19 23 39 43
3 2
24 35 38
6 5
14 15 17 20 25 31
2 1
35 40
6 2
1 7 13 20 23 41
3 0
0 20 38
4 1
1 6 9 24
6 0
1 11 12 24 25 26
4 1
0 14 33 40
4 1
8 14 29 38
3 1
1 17 39
5 5
1 4 11 35 38
7 2
0 14 19 21 27 35 42
5 5
3 26 27 33 36
6 10
0 3 13 16 29 39
3 100
17 19 24
2 10
29 44
4 1
3 13 22 36
3 1
10 14 40
6 3
2 4 9 17 18 44
7 0
8 15 24 25 30 33 39
4 1
3 11 30 35
4 1
16 26 30 34
6 0
4 10 19 20 29 39
6 2
3 7 10 33 41 42
7 10
4 6 16 33 37 42 43
6 3
1 3 21 29 35 40
6 5
1 3 7 9 19 30
7 10
5 10 14 19 20 27 44
2 5
14 40
4 5
4 7 18 26
5 10
14 15 16 22 34
7 10
1 4 6 12 34 35 41
2 10
0 6
4 0
28 35 36 44
5 1
17 31 32 34 39
7 0
1 14 19 27 33 34 35
7 1
0 18 22 23 28 37 38
3 3
3 33 38
6 1
4 6 15 22 32 33
6 3
19 25 35 36 38 40
5 2
3 10 16 27 30
5 100
12 22 24 30 41
3 3
15 19 34
7 3
3 9 13 14 23 33 44
6 1
3 5 17 25 31 38
2 5
6 26
3 1
4 29 32
2 5
4 12
5 1
5 17 29 31 44
7 5
4 11 27 30 36 40 43
5 3
5 14 27 38 40
2 10
16 26
2 0
22 36
7 0
7 15 22 23 35 36 43
5 0
3 8 27 30 40
5 5
2 13 31 39 41
3 5
13 25 31
6 1
4 17 29 31 39 42
6 1
0 5 17 22 40 43
6 1
28 30 32 34 35 43
3 0
36 39 44
5 3
4 5 19 33 41
6 1
0 19 20 24 32 35
2 100
25 37
5 5
2 4 11 12 42
3 1
12 30 31
3 10
0 41 42
5 0
21 27 30 37 43
4 0
17 25 27 30
7 0
4 11 21 30 31 39 40
3 2
10 16 26
3 1
1 8 32
2 2
11 32
5 0
0 3 10 30 33
4 0
6 16 17 27
6 10
14 22 24 28 35 38
3 1
1 32 38
2 100
25 39
3 2
23 25 27
2 1
8 20
7 0
6 19 21 23 26 39 40
2 1
11 14
3 5
14 29 31
5 1
2 21 29 30 44
4 1
8 23 25 29
4 2
4 5 31 40
4 2
14 28 29 36
4 5
3 12 16 24
4 2
4 18 22 42
7 5
0 6 8 11 17 24 28
7 100
6 18 26 31 37 40 43
2 3
3 20
6 2
5 8 24 31 34 42
7 1
7 27 31 34 35 42 43
5 3
2 3 4 6 42
5 2
9 14 16 25 27
3 100
11 12 18
7 1
2 6 20 26 28 37 40
6 1
0 3 19 22 28 38
3 0
9 30 36
7 0
1 8 13 27 31 41 42
6 0
2 12 16 17 21 36
7 5
0 19 23 28 32 35 38
5 10
19 20 22 24 28
4 10
6 21 23 37
2 10
13 28
2 1
2 37
6 3
2 15 16 17 34 44
6 100
5 28 32 36 39 44
5 1
11 15 29 40 42
2 0
36 37
7 5
3 6 7 10 21 29 40
5 0
9 14 15 33 39
2 1
10 33
5 2
16 23 33 35 44
6 3
1 17 19 26 30 40
2 3
1 14
4 1
0 3 25 38
7 3
8 13 25 29 33 36 37
3 0
7 21 28
4 5
9 10 32 39
3 0
9 26 43
3 2
13 17 41
2 1
3 36
6 100
0 10 17 35 36 38
2 100
8 35
2 1
27 44
7 2
4 9 17 25 34 37 42
7 2
2 4 20 29 41 42 43
2 5
1 43
3 0
21 29 37
2 1
4 9
6 3
12 17 23 29 31 37
6 1
1 14 16 22 32 38
7 1
1 8 10 17 27 35 38
7 2
2 6 11 15 28 31 41
3 1
2 11 20
2 3
6 41
5 1
3 16 25 27 41
2 2
6 23
2 10
14 42
2 0
0 7
3 3
20 29 34
4 10
5 6 11 14
7 1
1 15 16 24 33 40 41
2 2
35 43
2 5
13 23
6 1
4 9 14 17 23 32
2 10
3 28
3 2
34 38 39
3 2
8 22 30
5 100
0 2 13 17 23
5 3
1 2 9 21 41
2 3
30 33
6 3
3 7 9 12 15 33
5 5
6 20 22 25 40
2 100
13 22
3 100
1 21 32
5 0
7 20 21 29 34
7 5
20 24 26 30 35 38 44
7 100
0 2 9 14 16 30 44
4 0
14 23 24 25
7 2
16 18 19 21 29 31 35
4 1
3 12 23 43
5 5
13 32 38 41 44
4 5
13 15 18 20
6 10
5 16 28 31 32 43
6 0
7 9 13 20 31 41
3 5
34 41 44
6 2
4 13 28 29 39 40
3 0
5 6 44
7 0
3 4 24 27 33 34 37
2 5
6 41
3 10
3 28 44
6 2
0 20 25 33 38 41
2 5
23 35
4 100
1 24 39 40
3 0
2 15 23
3 0
10 13 24
2 10
7 12
6 100
4 8 9 23 34 42
7 1
6 9 13 17 20 22 31
4 3
16 22 36 39
5 0
0 4 14 28 41
4 0
11 31 34 37
5 5
4 17 19 21 41
3 1
3 7 36
5 0
2 17 27 33 39
5 1
11 12 13 32 36
3 0
1 9 34
5 5
14 20 37 42 44
7 100
1 7 9 21 31 36 43
7 1
12 14 27 30 36 43 44
4 0
29 30 40 42
3 100
18 32 36
5 100
7 20 23 36 40
5 0
17 21 29 36 40
4 3
1 26 31 44
4 5
4 11 19 28
6 0
12 18 22 27 30 43
2 0
21 22
6 0
1 15 21 32 39 42
4 0
6 16 17 26
3 0
10 36 39
7 2
0 11 21 22 26 38 44
4 2
3 13 27 36
2 0
18 28
6 3
5 7 10 14 25 34
4 3
10 16 32 40
2 0
22 39
4 10
17 18 21 22
4 0
6 23 35 41
5 3
4 12 21 35 38
3 0
10 18 25
6 1
2 17 22 24 33 38
3 5
2 9 34
3 1
20 22 42
6 10
4 5 7 21 38 42
6 10
3 9 12 15 24 36
2 0
4 17
5 1
3 8 9 22 39
4 0
0 17 18 22
7 0
1 2 16 24 32 34 42
4 100
15 22 32 37
7 5
3 8 9 24 32 36 42
5 0
1 5 8 15 16
6 1
4 7 23 30 38 39
7 1
1 3 12 19 23 32 44
6 1
2 4 5 24 28 42
6 3
3 21 35 39 42 43
4 3
10 11 16 18
5 1
5 8 13 25 42
5 5
2 11 17 20 44
3 1
7 9 13
7 2
4 17 27 30 35 37 42
3 0
27 36 38
4 1
16 20 25 41
5 2
1 9 18 20 33
7 0
11 12 18 20 27 32 38
3 1
3 22 38
2 100
14 15
6 5
2 17 20 22 26 29
4 100
1 33 34 37
5 5
1 4 15 17 19
5 10
13 15 29 30 43
2 0
5 10
2 1
12 20
2 10
22 43
2 3
4 41
3 0
12 22 37
2 100
1 39
4 1
3 9 24 39
3 1
7 8 26
4 0
2 20 29 33
6 100
6 17 31 35 40 42
2 1
6 22
4 5
1 4 5 30
3 3
1 24 41
5 1
8 9 11 22 24
3 1
3 11 39
3 1
6 9 14
4 2
17 32 36 40
5 10
26 29 32 40 42
7 0
6 10 22 29 33 35 41
6 1
3 12 15 25 27 39
2 5
10 37
4 0
8 14 28 36
4 0
3 9 25 28
3 10
1 7 16
2 3
28 44
3 100
5 8 24
3 100
10 37 41
7 100
1 6 21 25 34 35 42
7 3
1 10 12 25 32 41 44
5 0
1 4 14 16 19
6 3
10 14 16 17 22 31
5 10
2 7 16 27 39
6 3
6 7 22 28 38 39
7 0
4 10 14 18 20 26 43
2 10
34 38
2 100
0 28
2 3
6 12
2 10
10 22
4 10
4 16 24 41
2 0
19 35
3 0
0 30 38
7 100
4 8 23 24 25 37 38
4 10
13 18 21 31
5 0
3 16 17 20 25
6 2
4 11 12 15 18 21
3 1
3 31 40
5 100
0 17 24 25 39
2 10
5 11
2 0
9 30
5 2
5 6 14 18 32
6 2
3 6 13 19 37 39
7 2
6 23 24 28 30 37 41
3 1
11 18 34
3 5
19 29 37
4 100
12 17 25 44
4 1
4 25 28 40
3 10
12 23 40
3 0
16 34 43
3 1
17 24 38
4 1
16 17 27 38
3 10
17 28 36
3 100
6 34 38
4 10
6 12 17 23
6 2
8 22 23 33 35 41
2 1
4 14
3 1
15 34 35
2 0
18 29
4 100
7 16 37 39
3 0
1 7 27
6 0
22 24 32 36 40 42
5 10
5 9 11 21 38
7 1
5 20 22 24 27 35 41
6 2
10 16 20 21 34 36
2 1
2 21
2 1
16 34
4 2
2 4 23 29
4 3
1 22 33 43
2 10
9 36
5 3
13 29 31 37 38
3 10
1 20 33
7 2
0 2 7 13 15 17 19
4 0
2 12 23 34
2 2
1 2
4 5
23 26 27 37
4 1
24 29 32 43
5 1
5 12 21 27 44
3 100
13 14 44
6 100
11 15 23 24 28 40
5 3
0 12 24 34 35
3 10
17 19 36
6 0
10 16 21 26 34 43
3 10
6 11 12
7 0
12 13 15 17 23 24 27
2 3
28 42
3 3
5 11 23
6 3
13 16 17 21 23 35
4 5
0 1 10 11
4 0
5 22 28 30
5 2
2 11 14 32 34
5 1
7 26 28 32 37
3 1
11 40 44
6 3
9 14 26 28 30 43
4 0
3 12 18 21
6 5
3 4 9 19 36 37
2 1
19 42
6 5
6 23 29 31 33 41
2 1
1 41
2 1
15 33
2 5
10 42
6 3
6 15 22 38 42 43
5 0
8 17 19 22 28
5 0
0 7 11 19 23
5 0
19 31 32 34 42
5 0
16 19 24 37 42
3 0
0 18 21
4 1
10 14 23 36
5 5
8 17 19 25 26
3 3
11 15 18
4 0
4 33 35 42
4 0
9 30 39 42
4 1
10 23 26 27
7 5
5 7 9 12 23 35 37
5 10
13 16 23 30 44
5 0
25 28 38 39 41
3 100
8 29 31
6 1
0 7 14 24 30 34
6 10
25 28 31 34 35 41
4 1
1 4 6 38
5 3
10 19 22 23 24
2 0
27 33
2 0
13 16
6 2
11 12 17 27 34 44
6 1
7 13 17 23 26 35
4 10
9 25 27 35
4 1
0 10 12 36
4 5
3 12 36 37
5 1
17 18 21 38 39
4 5
0 19 35 42
7 1
6 10 24 29 33 37 43
7 100
3 16 20 29 30 40 41
7 100
18 20 23 29 32 34 40
2 1
26 43
2 10
2 6
4 1
1 10 16 25
5 100
2 6 15 22 40
5 100
1 9 22 35 37
6 0
0 1 4 6 17 39
5 100
6 21 34 37 44
6 100
11 17 24 28 37 38
2 10
11 30
5 10
2 6 13 14 41
5 0
7 8 11 13 42
5 100
9 20 22 23 32
7 1
0 10 25 28 39 40 43
3 1
4 6 27
2 3
2 17
7 1
4 11 15 19 29 31 34
4 1
7 9 30 39
7 5
0 7 12 17 21 26 39
4 0
15 28 32 38
3 2
29 32 34
7 1
5 7 8 27 33 42 43
4 10
7 16 30 42
3 10
7 12 31
3 0
10 24 27
5 1
1 5 12 14 35
3 10
8 20 30
2 5
11 44
3 0
9 38 41
2 1
8 24
6 100
2 10 18 26 31 35
2 2
29 38
6 0
3 13 14 21 40 44
5 3
0 13 30 40 42
2 1
2 4
2 3
22 44
3 0
2 8 18
7 100
0 2 18 24 33 36 43
4 10
17 21 25 44
6 2
8 10 15 16 18 33
5 2
11 13 14 26 33
6 1
0 5 10 12 19 28
4 5
4 11 13 31
2 0
11 26
4 3
27 31 36 38
5 100
11 31 32 39 40
3 100
10 37 42
2 3
11 17
2 5
15 35
2 2
6 18
7 3
2 21 27 28 33 35 39
2 2
14 32
7 1
1 2 7 8 9 18 22
2 2
27 44
7 0
1 6 13 23 26 30 37
2 0
33 35
2 10
13 15
7 0
11 13 15 17 23 26 36
5 100
1 25 27 41 43
6 5
2 3 11 16 22 40
6 2
3 26 27 30 32 34
4 0
0 8 14 19
6 1
0 11 17 24 37 41
2 1
37 42
5 1
1 27 31 34 35
2 0
23 41
6 1
12 14 15 22 29 41
4 0
8 23 25 32
2 1
13 33
7 1
13 18 30 35 36 40 43
2 100
18 42
6 1
7 10 16 26 38 41
6 100
5 19 23 26 33 37
4 1
26 32 35 40
3 1
2 3 30
4 2
4 15 30 41
4 0
5 14 26 34
6 3
8 9 13 25 41 44
3 0
18 24 31
7 2
0 1 15 19 25 35 39
4 100
1 2 19 25
4 5
4 12 26 36
6 1
10 20 22 24 36 39
2 100
13 28
7 3
0 9 10 18 21 31 41
4 100
13 21 30 33
3 0
5 6 21
7 10
6 7 10 12 22 27 38
3 1
0 17 25
6 1
16 25 27 28 35 37
6 2
1 3 24 29 33 35
7 10
5 6 12 15 29 31 38
5 1
14 24 28 30 35
4 3
17 23 26 42
3 5
17 32 33
5 5
2 23 28 32 39
5 1
15 22 26 31 40
6 0
16 18 23 34 35 37
2 1
9 22
4 0
1 4 26 30
7 2
12 14 18 21 24 29 33
2 0
20 43
6 1
0 10 11 19 21 42
6 10
1 6 8 14 25 37
5 5
7 20 31 41 42
6 1
11 22 31 34 40 44
6 0
0 7 16 18 28 39
6 0
13 24 31 33 35 43
2 1
6 41
4 3
4 8 23 31
3 1
32 33 39
5 0
3 11 27 32 39
2 3
7 16
7 100
0 3 10 11 19 20 22
6 100
4 9 18 21 23 35
5 10
13 15 28 34 38
3 2
14 18 36
3 5
14 17 33
5 10
1 14 22 35 39
6 2
1 7 13 17 23 25
7 100
4 15 21 23 24 33 39
2 3
9 42
7 10
6 13 19 22 24 32 39
6 0
1 4 8 11 15 23
5 2
3 13 22 30 38
7 0
2 5 21 31 33 36 40
3 5
22 28 30
6 100
12 14 17 19 38 39
2 10
37 44
4 1
2 9 10 39
5 1
0 3 28 37 43
4 1
24 31 34 41
2 5
6 44
3 1
6 13 30
2 0
13 22
4 0
3 31 37 42
3 100
1 22 32
5 3
6 12 24 27 43
7 0
16 18 24 28 39 40 41
3 1
19 21 29
2 0
7 23
5 10
11 23 24 34 35
6 5
0 21 26 27 28 36
7 0
0 5 7 14 25 26 32
5 3
6 7 12 23 38
7 0
3 8 16 17 25 32 43
7 1
7 15 22 24 27 29 33
7 3
3 9 23 24 26 40 41
3 0
0 36 38
2 0
34 44
3 100
12 27 30
2 100
4 7
6 3
4 10 14 27 29 40
2 0
27 41
6 2
7 14 18 29 30 32
2 1
36 40
4 10
6 8 30 34
3 2
1 16 25
7 2
4 13 17 21 27 31 39
6 10
5 18 33 39 41 43
6 3
16 17 19 21 40 44
2 0
18 39
7 5
10 20 27 35 38 40 44
7 5
0 4 6 13 20 25 40
3 0
4 21 32
3 0
2 7 44
2 2
39 42
4 100
9 26 28 37
3 1
19 37 44
2 0
30 39
4 2
2 15 22 23
5 0
5 8 10 16 36
7 3
6 10 20 22 37 39 40
6 0
4 9 16 33 42 43
3 1
6 9 29
7 100
7 15 16 21 31 32 40
3 1
8 25 27
2 5
35 36
7 0
14 15 16 17 35 38 39
7 10
5 7 19 24 34 39 42
3 0
11 14 42
4 5
16 17 24 26
6 2
2 3 9 13 26 31
2 2
15 27
5 10
11 23 24 25 36
6 1
2 7 14 23 30 38
7 1
3 6 13 20 21 27 41
2 0
38 41
4 3
0 20 25 39
7 3
1 5 8 21 22 36 44
5 1
4 20 34 36 38
5 2
3 8 24 29 39
6 2
1 4 9 15 28 31
7 3
0 9 11 25 26 38 42
6 10
10 15 19 30 41 42
7 1
3 15 16 17 22 26 41
4 0
3 19 32 39
2 1
34 38
2 100
9 35
3 1
2 33 37
2 0
13 21
2 3
20 22
6 3
14 16 20 22 42 44
3 0
1 13 15
7 2
2 6 17 29 31 34 37
7 0
10 17 23 28 30 32 37
4 3
1 2 15 37
6 1
14 17 22 34 42 44
2 3
3 34
2 10
39 43
5 10
2 3 6 37 40
4 2
0 16 38 43
4 0
6 20 21 31
4 1
3 22 30 36
7 2
4 8 9 15 20 22 30
5 0
1 10 30 31 40
2 1
5 23
3 3
23 27 36
7 10
0 1 13 26 34 38 41
5 1
13 24 27 34 41
3 0
16 29 44
2 100
7 34
4 10
6 8 15 17
3 1
8 21 44
2 3
39 44
6 0
4 5 8 14 28 40
6 100
9 10 12 18 34 39
6 10
6 17 18 28 29 41
4 10
21 29 35 39
2 5
4 42
3 0
3 14 36
2 0
15 19
3 100
0 11 27
2 5
26 34
7 3
7 14 17 18 23 34 38
3 100
2 19 34
2 1
27 41
7 0
2 10 19 22 33 36 44
6 2
6 18 23 25 38 44
5 1
6 23 26 32 35
4 2
4 6 10 17
7 5
1 8 9 26 33 34 35
5 1
0 23 31 33 36
2 10
9 41
3 2
14 34 39
4 3
6 15 22 35
3 2
0 12 21
5 1
1 7 23 25 41
4 0
5 6 10 23
3 1
3 29 39
5 1
1 7 12 23 34
5 5
15 30 32 37 39
7 0
3 9 11 12 25 27 32
3 100
22 25 35
5 3
1 11 14 16 17
3 0
13 31 44
5 10
7 9 25 28 42
7 100
12 16 22 23 28 33 40
4 0
5 6 15 18
4 3
5 7 42 43
5 0
9 17 28 39 42
4 2
3 7 22 33
7 100
6 7 10 12 16 37 44
2 0
10 30
5 0
14 19 23 30 34
7 0
3 10 25 31 32 33 34
5 10
12 16 19 23 41
4 5
8 23 34 36
4 0
2 9 20 44
2 1
0 5
4 3
5 16 29 43
4 10
16 23 28 40
4 0
5 14 29 32
5 1
3 17 26 34 38
7 5
2 6 14 16 21 24 38
5 0
8 14 19 36 42
5 1
2 15 18 22 23
2 1
27 28
6 3
1 16 19 21 23 32
2 10
3 39
5 2
0 12 23 28 41
6 100
3 9 11 18 31 34
4 100
18 34 38 43
7 1
7 13 14 15 23 31 41
3 100
19 33 41
7 0
1 9 11 17 37 41 44
2 0
3 41
5 0
7 17 20 30 33
4 100
13 15 30 41
5 1
13 19 38 40 42
3 1
23 25 41
2 0
16 43
7 100
8 13 14 23 27 28 30
2 5
5 32
4 10
12 21 32 36
7 1
3 10 15 20 31 37 42
5 2
0 2 18 29 34
5 0
17 18 26 28 36
4 10
22 25 34 35
3 0
10 27 36
3 3
32 38 42
4 3
1 12 26 34
2 2
12 44
7 100
0 11 15 19 37 39 40
4 3
2 4 12 16
4 10
1 2 7 28
2 3
33 40
7 100
3 7 18 24 25 29 35
6 0
0 7 21 22 25 36
5 100
5 13 30 34 36
6 5
14 24 26 29 36 43
3 5
9 25 28
5 1
4 13 20 32 35
2 5
14 20
6 1
4 13 16 18 27 32
4 10
8 15 19 42
5 5
18 21 22 25 39
2 100
36 37
6 3
3 10 11 16 23 33
6 1
1 19 31 32 37 42
7 3
2 13 22 24 26 29 35
6 0
8 20 26 32 39 40
2 5
1 20
6 3
12 17 20 28 32 40
7 10
5 11 13 17 22 24 40
6 0
4 6 7 14 22 39
5 2
11 12 23 41 42
4 2
23 26 33 44
4 1
0 5 12 30
6 10
0 2 16 28 35 38
3 2
18 22 37
7 10
2 8 12 16 19 20 21
2 5
10 28
3 3
6 8 28
4 2
4 16 23 39
5 0
16 39 40 42 43
7 0
4 12 24 29 32 40 44
7 1
4 17 18 19 23 24 34
6 0
1 16 25 30 32 43
5 1
4 8 13 21 32
4 3
3 18 19 41
2 1
9 21
5 5
3 8 18 26 44
6 10
0 17 20 30 33 38
4 0
5 28 37 43
2 0
3 32
5 2
2 3 5 33 37
3 1
12 34 37
4 0
13 23 36 41
2 3
36 41
3 1
19 34 43
6 0
3 6 19 24 28 29
4 3
7 24 28 30
7 3
9 12 36 38 39 40 44
2 0
1 21
2 1
14 20
3 10
7 11 22
4 5
0 5 20 42
3 5
7 23 31
7 1
8 14 16 25 27 36 40
5 100
6 8 21 33 36
7 5
0 6 11 12 14 16 20
2 2
8 22
5 3
4 18 26 30 34
3 2
26 35 39
6 0
7 19 27 37 40 44
2 0
27 35
5 5
14 18 24 25 37
5 2
0 4 22 38 43
4 10
0 18 30 41
2 5
18 33
6 100
4 15 25 28 29 44
7 5
0 13 15 20 36 37 41
3 0
5 14 32
5 5
4 6 9 15 22
6 3
0 4 12 14 21 39
7 0
5 7 13 15 30 32 38
3 0
5 7 12
3 1
12 19 23
2 1
25 41
5 1
15 20 22 25 37
4 2
5 32 36 42
7 100
11 15 19 27 37 38 42
4 10
4 12 16 30
5 2
24 25 36 39 42
4 3
15 20 21 24
7 0
14 18 26 28 30 33 36
5 3
1 21 24 25 31
3 10
1 10 12
6 0
15 19 23 35 42 43
4 5
3 8 15 39
6 1
8 12 23 29 32 41
3 100
12 19 26
6 10
2 5 12 14 29 41
6 2
5 12 14 16 25 32
4 10
4 15 29 38
4 1
10 14 15 31
2 3
6 27
5 0
7 20 25 30 37
7 5
0 13 18 29 33 34 43
4 5
4 19 26 42
4 1
3 15 18 32
5 1
3 5 6 17 25
4 5
7 18 33 34
6 1
2 5 16 18 35 42
3 0
19 29 39
4 2
0 5 9 36
6 2
20 25 30 37 40 41
2 1
14 20
2 0
15 40
7 5
4 5 14 29 36 39 41
4 2
17 18 34 39
3 1
12 27 44
4 1
6 28 30 44
4 1
16 17 40 41
7 100
0 14 15 17 18 40 44
7 0
2 6 17 21 35 42 44
4 1
9 23 24 40
3 100
0 21 36
5 5
8 11 15 22 44
2 1
13 23
6 1
6 7 9 21 27 43
6 2
22 28 29 36 37 42
3 2
18 27 41
4 10
13 22 29 40
2 0
18 33
4 0
6 18 31 42
6 5
1 9 15 24 27 33
5 10
2 12 19 25 44
7 10
4 10 14 28 33 35 37
3 0
9 24 38
2 0
10 15
2 5
11 25
5 3
2 27 31 32 41
7 100
4 14 19 22 32 34 35
6 2
10 19 20 21 29 32
5 1
5 15 21 32 38
4 1
5 10 37 42
2 0
23 28
6 10
12 16 20 21 23 39
6 2
16 28 29 31 34 41
7 100
2 13 25 29 33 39 40
4 3
9 18 29 39
4 5
9 11 21 36
5 1
0 4 9 25 27
3 5
28 29 42
5 0
11 13 31 38 39
2 10
30 44
3 10
2 6 38
3 1
26 36 40
5 3
6 11 19 33 38
4 3
2 7 17 31
6 3
0 7 10 15 20 24
2 3
16 33
4 1
1 9 20 23
3 10
6 30 38
3 10
6 21 39
7 1
2 17 20 29 37 38 39
2 2
5 8
2 2
17 37
5 5
0 5 23 39 41
4 10
27 37 39 44
4 0
5 9 23 32
7 100
9 18 19 23 29 33 35
5 2
3 11 18 24 33
5 0
8 13 35 36 39
4 100
20 25 26 27
5 10
10 12 29 30 41
2 10
12 39
3 1
17 35 40
2 1
15 30
4 100
14 24 27 31
6 10
11 16 25 35 40 41
2 100
20 30
6 1
5 16 19 22 36 39
3 1
9 35 44
6 10
20 27 35 37 42 43
2 3
2 35
3 1
10 13 37
2 3
4 44
2 2
17 44
4 2
0 9 15 41
7 1
0 11 14 16 30 32 38
6 100
9 11 12 20 31 43
7 10
0 3 13 22 25 28 42
2 100
10 30
4 3
15 32 38 43
5 10
13 29 30 34 38
3 3
0 15 31
5 3
6 19 24 27 31
4 0
6 29 38 44
3 10
6 30 37
4 0
22 28 29 34
7 1
2 5 9 18 25 37 40
6 100
0 14 16 18 19 24
2 0
0 35
4 0
11 12 36 38
2 0
5 24
3 10
8 19 30
5 0
0 4 14 33 40
4 0
3 15 28 32
4 1
2 9 25 27
3 0
4 21 42
2 1
10 32
6 1
12 13 17 20 22 32
4 0
8 17 36 40
5 100
0 9 21 27 44
7 10
15 16 21 26 30 34 40
7 10
3 9 12 15 16 22 39
4 2
7 11 34 43
5 0
19 22 24 28 43
3 100
6 20 33
6 3
17 19 25 27 33 36
4 10
4 13 16 24
6 0
8 10 11 25 35 43
6 1
3 9 20 31 32 42
7 1
6 11 25 27 29 33 35
3 5
10 13 44
6 5
8 22 28 32 36 38
7 0
3 4 26 36 40 43 44
6 3
20 21 30 39 41 42
5 1
3 10 29 31 36
3 10
15 38 42
4 5
0 12 25 31
3 3
13 15 44
2 2
12 19
6 3
1 3 6 20 38 39
2 3
11 24
5 0
5 10 29 30 32
6 10
0 2 3 4 31 42
4 0
13 19 34 37
6 1
0 3 10 12 15 42
7 1
5 17 21 22 24 25 34
2 0
11 44
3 2
15 34 36
5 1
9 27 30 33 37
7 1
0 6 12 18 38 40 44
2 2
1 3
4 3
4 5 12 32
7 1
5 6 8 15 20 21 35
6 5
5 21 33 34 37 41
6 2
1 22 30 41 43 44
6 3
19 24 30 33 38 44
7 100
1 5 9 16 19 35 36
7 3
6 16 17 24 33 43 44
6 100
0 1 9 14 32 38
7 2
4 6 22 23 25 29 42
4 100
2 35 41 44
7 100
2 7 11 15 17 24 32
3 1
17 26 30
3 10
3 15 28
2 1
14 27
5 1
7 16 19 25 37
7 2
2 16 18 22 34 36 37
7 0
20 21 27 39 41 42 44
5 100
9 12 27 30 39
7 10
5 6 8 25 37 40 41
6 10
23 25 31 33 40 42
4 1
0 13 24 35
3 1
22 28 41
5 5
18 26 33 34 35
6 10
3 4 10 22 29 36
4 1
18 20 38 39
2 0
10 36
7 5
3 17 28 29 30 41 42
6 0
10 12 21 33 37 42
2 1
7 36
4 100
0 1 3 35
6 10
0 9 13 16 27 30
3 1
6 31 36
2 100
1 22
7 100
3 9 11 13 16 38 42
5 0
0 14 15 24 32
6 2
2 7 14 15 25 40
7 1
0 3 13 19 22 24 33
5 3
9 17 20 25 37
2 10
11 15
2 1
27 28
6 5
5 10 31 37 39 40
6 3
2 6 12 14 15 17
7 1
7 11 12 22 38 40 42
7 10
2 5 7 11 16 18 39
2 0
3 26
5 0
4 13 15 18 42
6 2
3 6 11 14 20 32
3 1
15 30 31
5 1
3 4 26 38 42
5 5
12 18 21 23 30
6 5
0 4 6 7 16 27
5 3
18 29 34 39 41
2 0
16 20
7 100
4 6 10 13 14 15 16
2 0
28 41
7 1
8 9 15 18 21 23 29
5 5
3 6 7 15 27
6 1
9 13 14 17 23 26
3 3
8 23 38
3 0
0 17 43
2 10
9 14
2 100
18 26
3 100
7 9 25
2 2
13 35
3 100
9 15 37
2 1
3 42
7 3
3 5 14 21 25 26 35
4 1
15 24 35 36
3 100
0 14 22
5 0
13 16 17 23 25
7 2
3 16 20 25 32 36 42
2 10
9 13
7 5
3 14 15 26 33 36 41
3 5
27 28 32
5 0
0 14 24 38 39
4 2
5 7 24 26
2 5
21 36
3 0
3 8 28
2 1
16 18
3 5
12 37 44
2 100
20 27
7 100
1 4 8 31 39 42 43
7 1
1 7 12 28 31 33 34
6 2
1 11 24 25 29 39
3 100
8 14 26
4 100
1 38 39 44
6 5
0 8 21 31 33 38
6 3
5 19 24 27 28 43
5 5
16 23 26 29 40
6 0
5 12 20 30 31 40
7 3
0 14 15 16 18 19 25
7 2
7 26 27 33 35 41 44
7 3
1 7 15 28 29 35 36
7 2
7 9 11 12 18 24 41
6 3
0 3 14 16 37 44
6 5
7 12 15 16 32 42
4 1
2 21 26 27
5 0
9 10 25 31 38
2 1
18 27
4 1
4 7 28 40
4 10
11 27 29 36
6 5
11 14 16 20 28 39
6 1
6 21 24 28 34 38
6 2
15 18 19 36 37 41
5 2
10 14 18 35 43
5 2
1 11 28 30 35
6 1
2 3 4 6 20 34
6 10
2 4 15 31 34 43
5 5
6 12 28 30 41
7 5
5 7 11 17 20 25 39
2 0
30 42
7 1
5 8 19 26 28 34 40
3 1
17 35 38
5 0
15 17 20 23 40
3 10
3 7 37
2 100
6 33
3 100
2 6 28
2 2
19 44
7 1
2 18 31 33 36 39 43
6 2
7 12 20 35 37 39
7 1
5 9 13 17 23 32 42
4 5
1 11 14 35
2 0
31 39
4 0
2 13 19 35
2 0
34 35
3 5
23 26 39
5 1
2 4 9 14 19
3 10
0 31 38
5 1
2 15 18 34 43
6 1
14 20 27 28 33 36
6 1
9 15 26 28 37 39
5 5
7 11 25 32 42
4 100
0 17 19 23
2 2
19 26
5 0
14 16 24 42 44
6 2
15 27 32 34 35 44
2 2
6 42
6 0
10 11 28 30 36 44
4 2
4 5 16 20
3 0
18 35 44
7 1
3 6 7 19 26 33 37
7 1
0 4 6 7 10 32 38
7 0
12 13 15 18 29 30 31
4 1
2 10 19 40
5 1
9 25 29 31 40
6 10
0 5 16 30 35 39
3 2
26 28 38
7 1
7 11 15 22 28 29 41
5 10
2 11 21 43 44
6 100
2 3 19 28 41 44
6 10
10 12 15 26 28 43
7 5
6 19 20 21 27 28 42
4 5
12 22 33 36
7 5
4 12 13 30 32 35 44
2 3
5 24
2 100
3 32
5 1
4 16 31 32 33
4 1
1 3 7 15
3 10
5 30 43
5 1
6 9 12 19 23
5 5
4 8 9 16 43
4 5
2 3 18 24
7 3
22 23 24 27 36 38 43
5 0
9 18 22 24 36
5 5
5 22 30 39 44
5 5
6 11 16 29 41
6 2
0 7 26 28 33 34
4 10
21 26 33 36
2 10
0 38
4 2
0 1 26 35
6 0
4 27 33 35 39 41
3 10
3 10 19
3 0
27 31 43
5 1
28 31 39 43 44
3 5
10 11 21
5 100
17 18 25 29 30
7 0
1 2 19 29 40 41 44
4 1
16 29 32 38
5 1
16 17 23 25 40
5 10
10 25 27 33 39
4 100
6 12 35 39
6 1
5 19 25 27 36 41
3 0
15 21 28
4 5
4 16 31 32
7 100
2 4 13 14 26 39 41
5 0
10 16 20 31 40
2 10
2 3
4 10
1 2 21 35
6 3
4 7 19 31 34 40
6 2
1 4 10 21 37 44
2 3
13 32
5 3
0 16 17 26 34
7 1
8 9 20 34 37 40 43
2 1
36 39
6 100
12 14 15 19 26 40
5 10
0 3 7 9 39
2 100
1 12
4 100
11 18 23 40
3 0
12 33 37
6 2
2 4 5 29 34 38
6 5
2 12 17 28 37 44
7 3
6 21 28 32 39 41 42
7 100
12 14 28 36 38 40 43
5 5
2 3 9 30 38
4 3
2 22 25 27
6 100
10 17 20 24 25 40
2 0
1 42
7 5
5 12 16 31 33 36 38
4 2
25 34 35 37
7 5
2 9 17 19 23 27 43
5 100
0 11 28 34 44
3 10
30 31 33
3 100
11 17 20
2 5
30 39
3 1
22 40 41
7 1
6 9 10 16 22 26 33
6 10
7 9 17 23 29 35
5 0
3 12 16 18 31
7 1
6 15 20 22 25 31 32
3 0
0 7 13
4 10
4 8 20 42
2 5
12 14
4 100
4 7 8 35
2 0
2 5
3 2
5 17 32
6 10
10 11 14 16 25 39
4 5
4 12 34 36
2 1
38 41
3 0
19 24 42
4 0
29 30 41 42
3 3
8 10 23
5 5
0 1 7 17 39
5 3
18 24 26 31 32
2 10
10 39
3 1
0 12 18
5 1
5 21 26 28 30
4 10
0 6 11 23
6 1
4 15 26 30 31 44
6 0
4 5 21 27 36 44
3 2
16 27 34
4 10
9 41 43 44
5 2
13 22 34 36 41
5 1
3 5 17 22 37
7 1
2 7 19 23 32 34 44
3 3
8 11 18
6 1
1 13 19 35 41 43
5 2
20 26 28 31 38
7 3
2 3 4 9 20 30 41
3 0
18 32 44
7 2
12 13 15 16 21 39 44
5 1
4 16 29 39 41
4 100
3 16 30 31
5 10
3 11 15 20 25
5 3
3 6 18 28 38
6 1
16 21 33 34 36 39
3 2
10 36 39
4 0
28 32 37 38
7 1
3 22 26 28 34 40 41
5 0
3 23 30 31 32
5 5
13 17 21 22 27
5 0
2 3 5 7 24
5 0
2 4 7 32 37
2 10
36 38
7 3
8 10 13 29 34 37 38
5 1
3 9 25 27 42
7 1
12 17 26 29 36 40 42
7 10
8 13 16 26 32 34 37
3 0
11 23 35
7 100
13 17 24 27 32 34 43
2 2
14 16
4 3
21 27 29 43
3 10
2 29 37
2 3
19 33
5 0
13 37 38 40 43
3 5
15 24 29
7 2
7 12 14 28 32 37 39
2 5
25 39
5 100
7 9 11 28 37
2 1
11 24
6 100
8 9 14 16 20 25
4 1
17 25 32 39
3 3
8 20 30
3 5
6 32 44
6 10
7 18 24 27 28 31
5 100
6 16 17 28 37
2 100
15 19
6 0
0 4 9 12 30 36
7 1
10 15 19 21 23 26 32
3 0
14 26 41
3 1
0 21 42
6 10
4 7 25 28 39 41
2 1
3 37
7 0
3 4 10 11 13 27 40
5 10
0 11 20 21 35
3 1
2 3 32
5 2
1 4 23 37 40
3 0
3 23 40
6 1
16 17 20 24 35 43
6 1
1 14 21 27 34 41
7 0
2 6 15 16 27 30 39
3 2
9 14 31
2 5
1 15
3 5
21 40 44
4 100
2 17 23 28
5 2
4 7 24 25 31
2 10
0 13
3 1
23 27 29
7 2
3 4 13 21 26 31 33
2 100
2 18
2 1
32 42
5 10
4 14 15 18 28
7 0
3 10 18 23 29 35 41
2 10
15 37
5 1
10 15 16 30 33
7 1
2 19 23 26 33 39 40
5 0
19 22 37 42 44
3 2
5 21 35
2 0
4 35
2 10
14 32
3 0
9 24 34
3 3
0 8 42
4 0
10 16 30 41
5 2
9 11 18 37 44
2 0
24 34
7 5
6 7 9 10 18 35 44
4 5
3 12 34 43
7 1
1 7 8 22 25 30 42
3 1
5 11 24
3 1
5 25 27
2 3
3 33
2 2
3 5
2 0
11 28
4 100
6 12 19 24
2 2
0 25
7 2
3 8 12 17 22 30 40
6 5
8 10 35 37 40 43
5 100
12 20 28 30 32
7 0
5 7 16 18 33 35 36
6 0
5 8 10 16 19 29
5 100
0 14 15 33 35
6 5
10 14 15 20 32 34
4 2
7 10 14 38
3 2
23 25 35
5 100
6 19 21 23 29
2 3
15 33
4 1
4 17 26 31
5 1
2 12 16 31 39
3 10
6 9 28
7 1
0 4 17 20 27 29 34
7 1
7 9 14 23 29 39 40
3 0
15 18 20
3 100
15 23 36
7 100
2 7 15 20 25 39 41
6 100
6 11 15 19 26 30
6 0
4 17 28 34 38 42
4 3
17 18 29 35
6 5
4 14 25 34 41 44
2 0
11 41
2 2
12 29
7 100
0 7 17 18 28 30 31
4 0
10 27 31 34
7 5
9 10 13 15 28 35 36
4 1
21 22 25 39
5 3
3 22 25 28 31
6 5
12 14 26 35 38 40
5 1
10 14 23 31 35
4 3
6 7 9 41
4 1
1 3 21 24
5 100
0 3 5 27 41
5 0
0 9 16 29 39
3 3
3 14 24
4 3
1 4 13 24
6 3
9 18 21 34 35 36
4 0
10 30 40 43
4 100
2 12 17 44
2 1
0 29
3 10
0 6 36
5 0
1 7 30 35 43
6 3
12 17 31 32 34 37
6 100
15 22 32 38 39 40
4 0
1 4 28 44
2 1
21 35
7 3
7 10 16 23 37 40 43
2 0
32 37
4 100
0 24 31 32
3 10
9 20 44
7 3
2 4 7 22 25 32 35
4 100
3 23 37 40
2 1
18 39
4 3
0 26 27 28
2 0
0 42
5 10
10 32 35 40 44
3 3
10 31 37
6 100
2 4 8 23 34 41
3 0
11 15 30
6 1
0 1 8 34 39 42
4 5
25 26 35 40
4 0
0 9 25 33
4 2
19 20 27 32
3 0
14 30 38
4 1
6 13 25 34
2 2
19 20
2 1
40 44
7 0
1 4 15 18 35 39 42
5 10
9 25 31 38 43
6 100
2 10 18 24 38 44
2 0
32 44
3 0
0 5 18
4 2
3 5 23 28
5 1
6 9 11 38 44
7 100
0 3 6 9 30 35 44
3 10
1 16 33
5 100
15 17 19 31 37
4 1
13 21 35 37
3 0
22 36 40
6 3
21 26 27 34 39 42
4 2
0 6 16 28
3 0
25 27 36
2 1
20 36
3 100
17 42 43
3 2
6 11 39
5 0
8 10 25 35 36
3 3
3 17 33
2 100
1 17
6 0
7 15 21 37 42 44
6 2
3 7 12 26 27 41
5 5
1 8 9 12 21
6 100
4 7 12 16 37 44
2 1
6 37
6 1
5 25 28 30 31 33
6 2
9 10 18 31 39 44
4 2
2 3 14 44
6 10
6 22 35 36 37 40
6 0
5 11 13 18 24 28
3 1
16 30 37
4 100
4 5 17 42
4 0
31 33 35 44
4 10
21 22 23 26
6 5
2 15 18 29 36 44
2 0
13 35
3 10
1 16 23
7 1
13 16 18 25 34 41 43
5 10
9 14 33 40 41
6 1
2 13 18 22 29 38
5 3
8 15 21 31 34
3 2
7 13 16
3 5
9 12 29
2 0
27 43
4 100
11 29 31 39
7 0
0 8 23 24 28 29 44
6 0
0 4 16 28 29 43
3 10
7 28 37
4 3
11 12 13 24
7 0
2 5 6 21 32 36 37
5 2
13 18 23 28 37
6 1
9 12 21 35 41 42
3 2
6 9 28
5 0
17 33 34 38 43
2 2
11 27
7 0
17 18 21 26 27 37 42
2 0
4 16
7 1
2 3 14 20 23 29 44
6 0
8 17 21 24 30 35
3 3
16 22 35
5 100
1 3 30 36 37
6 0
18 21 28 30 35 43
4 1
3 9 18 21
3 3
22 27 37
2 10
6 22
5 3
1 3 7 30 40
6 0
2 4 11 17 25 40
7 0
2 22 28 29 30 39 42
3 1
14 18 24
7 5
0 14 19 24 28 31 38
7 0
6 19 26 28 32 35 38
2 1
10 41
5 1
9 14 16 17 44
2 100
19 23
2 10
26 43
6 1
2 7 8 12 37 43
2 0
22 24
3 3
3 7 30
2 1
0 14
6 0
2 5 6 8 11 25
2 2
1 32
3 5
20 23 43
5 100
3 28 38 39 43
7 100
3 6 23 24 25 32 38
6 0
0 4 13 27 29 35
4 2
1 12 20 40
7 5
3 7 10 14 20 23 29
4 5
1 5 7 9
5 0
7 13 17 22 28
4 100
4 16 26 31
3 3
7 11 40
6 100
1 2 8 23 28 30
3 5
1 7 42
7 0
0 6 11 19 20 33 42
7 1
8 11 18 30 35 36 37
7 10
11 13 17 20 22 26 33
5 0
26 27 29 34 39
4 1
1 4 21 27
6 10
1 2 9 33 35 41
4 3
16 25 40 41
4 3
5 13 22 30
7 5
1 6 17 24 32 40 43
6 5
6 18 25 29 39 41
2 10
2 35
4 1
14 23 24 28
2 1
6 32
3 1
1 32 37
4 1
0 29 38 39
7 0
3 6 11 21 25 31 42
3 100
19 33 37
7 10
2 6 13 17 23 34 38
7 0
8 15 25 29 33 41 42
6 10
3 7 9 10 34 41
5 10
17 28 29 31 38
6 100
3 6 13 18 19 27
4 3
6 15 30 32
7 5
6 7 12 29 37 41 44
6 0
0 3 16 26 34 41
5 100
14 15 37 38 42
