907.0088202438
735.5460556621
16.4924225025
2.0000000000
1.4142135624
1.0000000000
5.0990195136
3.0000000000
2.2360679775
426.6169241837
1153.4526431545
2.2360679775
2.0000000000
14.0000000000
7.2801098893
1285.0420226592
10.7703296143
3.2015621187
2.0000000000
776.4850288319
10.0000000000
2.2360679775
1.0000000000
5.0990195136
1172.3378352676
2.0000000000
7.0000000000
1007.3633902421
2.0000000000
18.0277563773
1.0000000000
2.2360679775
645.6639993061
4.4721359550
19.1049731745
14.2126704036
1202.8582626395
2.2360679775
5.0990195136
1.0000000000
1.0000000000
1.0000000000
701.4413731738
8.0000000000
2.2360679775
3.1622776602
5.3851648071
1.0000000000
3.0000000000
1.0000000000
1255.3951569128
3.9051248380
2.0000000000
838.8879543777
774.6186158362
2.2360679775
2.0000000000
1.0000000000
750.0666637040
2.2360679775
547.2988214860
6.3245553203
949.4129765281
3.6055512755
450.0055555213
2.2360679775
1634.6966079368
12.2065556157
950.9248130110
6.4031242374
576.0425331518
0.0000000000
9.4868329805
4.2426406871
1518.2522847011
4.4721359550
2.8284271247
2.0000000000
8.6023252670
1352.8152128062
2.0000000000
12.0415945788
1.4142135624
2.2360679775
3.0000000000
917.3354075800
4.0000000000
1051.5940281306
3.6055512755
597.8795865390
1.4142135624
3.6055512755
6.7082039325
1.0000000000
654.2698220154
2.0000000000
4.2426406871
715.9476237826
1.5000000000
1.4142135624
8.0000000000
10.4403065089
5.3851648071
1.4142135624
10.1980390272
4.2426406871
9.4868329805
1175.3488843743
8.0622577483
398.2222997272
2.8284271247
2.2360679775
493.4298329043
825.9555072763
13.4536240471
2.1213203436
2.2360679775
809.2026940143
11.6619037897
11.3137084990
2.0000000000
12.0415945788
2.2360679775
1.1180339887
2.0000000000
11.6619037897
700.8138126493
3.6055512755
4.2426406871
1442.7657467517
2.2360679775
1708.8206459427
374.7745989258
1.4142135624
1.0000000000
3.0413812651
10.1980390272
8.5000000000
1286.4408264666
2.0000000000
6.3245553203
3.0000000000
13.4536240471
1.4142135624
757.5282172962
10.6301458127
10.0000000000
4.0000000000
934.8973205652
1392.2733208677
12.1655250606
2.0000000000
2.2360679775
12.8062484749
1.1180339887
792.1414015187
1.0000000000
891.6008075366
2.0000000000
1.0000000000
1132.6023132592
10.0000000000
2.2360679775
8.4852813742
1.4142135624
4.0000000000
9.2195444573
6.8007352544
1.4142135624
2.0000000000
1.4142135624
11.4017542510
1247.2790385475
1.1180339887
6.4031242374
0.0000000000
864.7988205357
483.3301149318
507.0712474594
8.9442719100
1088.5701631039
2.0000000000
2.8284271247
938.2036026364
1.4142135624
423.9587244060
1.0000000000
478.4830195524
1.8027756377
1.4142135624
5.0000000000
1.0000000000
0.7071067812
7.6157731059
2.0000000000
1.4142135624
9.4868329805
2.2360679775
8.9442719100
10.0000000000
6.0827625303
1.0000000000
3.0000000000
2.2360679775
1.4142135624
6.0827625303
1112.8414082878
3.1622776602
8.7464278423
7.2801098893
796.4169762128
889.4655698789
2.0000000000
1.4142135624
1.0000000000
14.1421356237
1.0000000000
866.3247081782
3.0000000000
2.2360679775
4.4721359550
1.0000000000
3.0000000000
2.2360679775
903.1500429054
7.2111025509
1.5811388301
5.5901699437
899.0022246914
562.5202218587
1.4142135624
2.8284271247
588.9821729051
3.0000000000
3.1622776602
3.0000000000
0.0000000000
1833.9697380273
8.4852813742
2.2360679775
1.0000000000
5.0000000000
8.6023252670
1.5811388301
7.8102496759
6.7082039325
720.2589812005
1096.0875877411
5.3851648071
7.0000000000
1140.4636118702
1942.2224383422
15.2643375225
843.8684731639
1.4142135624
1221.7925355804
1258.7295182048
8.2462112512
1.4142135624
2.2360679775
602.0049833681
924.4944564463
580.5385430788
8.0622577483
2.2360679775
5.3851648071
2.0000000000
7.0710678119
1621.9546849404
2.2360679775
1.0000000000
2.2360679775
1.0000000000
1.0000000000
5.6568542495
878.2624892366
714.7041345900
3.1622776602
12.0415945788
1.4142135624
1.0000000000
428.2289107475
3.0000000000
5.3851648071
2.2360679775
1.0000000000
4.0000000000
2.8284271247
1.5000000000
1.5000000000
2.0000000000
2.8284271247
2.0000000000
7.1589105316
8.6023252670
1.4142135624
1.4142135624
3.0000000000
8.5440037453
1121.1886549551
2.2360679775
2.8284271247
9.8994949366
2.0000000000
3.1622776602
2.8284271247
2.0000000000
0.7071067812
7.8262379212
17.7200451467
1570.2397906052
6.3245553203
1.4142135624
551.7571929753
1050.4205110336
2.8284271247
2.0000000000
1.8027756377
2.2360679775
1.1180339887
11.0453610172
644.5967731846
3.1622776602
341.6211351776
6.0827625303
10.2956301410
979.6616762944
1.4142135624
2.2360679775
1.0000000000
0.5000000000
1.4142135624
2.0000000000
2.5000000000
670.4120001909
1041.2117940170
1.4142135624
8.2462112512
2.0000000000
8.0622577483
1.1180339887
5.0990195136
830.0415652243
1.4142135624
1032.6708091159
2.0000000000
9.0553851381
6.7082039325
2.2360679775
1.0000000000
1464.9808872473
884.0623563980
1.0000000000
6.8007352544
679.2142519117
2.2360679775
1.4142135624
15.0000000000
609.8999918019
1.0000000000
10.0000000000
2.2360679775
9.4868329805
1.0000000000
15.0000000000
1.0000000000
2.2360679775
1222.5894650290
1.5000000000
1.0000000000
2.0000000000
1.4142135624
719.4233802150
3.0000000000
6.4031242374
3.0000000000
1.4142135624
8.9442719100
2.0000000000
4.4721359550
696.5809357139
8.0622577483
1.0000000000
3.0000000000
2.0000000000
1.4142135624
837.6837111941
1286.3409345893
2.8284271247
463.1986614834
2.2360679775
2.2360679775
1.0000000000
2.2360679775
3.1622776602
7.2801098893
667.8158428789
2.2360679775
2.0000000000
2.0000000000
8.4852813742
2.0000000000
1358.9709341998
1.4142135624
3.0000000000
8.6023252670
1.0000000000
1.4142135624
1080.7404868885
7.2111025509
703.5254082121
1.5811388301
8.0622577483
1.4142135624
1.4142135624
872.3052791311
3.6055512755
2.0000000000
2.5000000000
2.0000000000
10.0498756211
1.0000000000
8.0622577483
6.3245553203
1.0000000000
1437.3131182870
2.8284271247
908.1525202299
18.1107702763
1.0000000000
2.8284271247
2.8284271247
10.0498756211
1.0000000000
1.4142135624
622.9711068741
1.4142135624
2.0000000000
1.0000000000
6.4031242374
1.0000000000
1162.7149263685
1.0000000000
1.4142135624
8.0622577483
813.1451284980
1.0000000000
0.0000000000
9.2195444573
10.0000000000
591.1590310568
10.8166538264
796.3039620647
9.0553851381
8.5440037453
2.0000000000
2.0000000000
560.3588136186
2.8284271247
517.5374382593
2.0000000000
2.2360679775
810.4611341699
1.1180339887
1.4142135624
1.4142135624
1187.5689453670
20.5912602820
1.4142135624
10.8166538264
2.0000000000
20.0249843945
1.0000000000
3.1622776602
2211.0924901505
13.4536240471
894.7318033914
2.2360679775
1.0000000000
7.6157731059
8.8459030065
2.2360679775
13.0384048104
7.0710678119
5.0990195136
1.1180339887
3.0000000000
5.0000000000
1.0000000000
15.8113883008
6.3245553203
1.1180339887
987.0005065855
9.2195444573
10.8166538264
1.4142135624
730.2088742271
8.6023252670
7.0000000000
4.0000000000
934.1546981095
2.0000000000
11.3137084990
2.0000000000
6.7082039325
6.7082039325
12.8062484749
2.2360679775
453.6573596890
620.6899386973
1.4142135624
622.1583399746
2.0000000000
12.7279220614
2.2360679775
1.8027756377
1.0000000000
2.2360679775
4.0000000000
8.0622577483
1.8027756377
8.4852813742
5.8309518948
13.0000000000
1.0000000000
2.5000000000
3.0000000000
2.8284271247
14.3178210633
863.0052143527
1497.8507936373
1733.1823331664
800.7721273871
1.0000000000
2.0000000000
2.2360679775
6.0415229868
2.0615528128
1.0000000000
2.0000000000
3.0000000000
9.0553851381
1.0000000000
1.4142135624
1.5811388301
2.0000000000
638.4958887886
1.1180339887
2.0615528128
1.4142135624
1.4142135624
721.6494994109
3.0000000000
937.7880890692
1.0000000000
1.0000000000
1.4142135624
2.0000000000
3.0000000000
3.0000000000
7.2111025509
994.3882541543
5.0990195136
838.7049540810
6.5000000000
9.2195444573
4.0000000000
1.4142135624
640.3452193934
7.2801098893
1.0000000000
1.0000000000
8.0622577483
2.0000000000
17.2046505341
7.0000000000
2.0000000000
399.8615385355
7.6157731059
1.1180339887
2.8284271247
1.0000000000
17.7200451467
935.2325913910
2.2360679775
797.6966842102
1.8027756377
2.0000000000
7.2801098893
806.9524459347
10.7703296143
4.1231056256
2.0000000000
15.2970585408
6.3245553203
1.4142135624
3.0000000000
1.1180339887
3.9051248380
1011.3673912086
1.4142135624
1.0000000000
6.0827625303
1.0000000000
7.0710678119
1.5000000000
10.0000000000
774.6265229128
2.0000000000
1.1180339887
4.1231056256
3.0000000000
1.0000000000
5.0990195136
371.9032132155
1.1180339887
2.2360679775
2.2360679775
914.2187921936
1.1180339887
650.5397758785
3.0000000000
618.5086903189
1.0000000000
3.0000000000
4.1231056256
680.2095265431
1.0000000000
997.0396180694
1.0000000000
1.4142135624
1.0000000000
2.0000000000
2.8284271247
1.0000000000
673.9324892005
1.4142135624
753.7599087243
13.1529464380
1087.0666952860
2.2360679775
1.4142135624
652.1732898548
1.0000000000
0.7071067812
1.4142135624
2.0000000000
2.0000000000
1.0000000000
16.6433169771
2.8284271247
1.4142135624
1.0000000000
9.4868329805
2.2360679775
13.6014705087
748.0240637840
1352.6511006169
8.9022469074
374.9946666287
2.2360679775
16.0312195419
3.2015621187
1.4142135624
1.0000000000
340.7440388327
1136.2011265617
7.0710678119
9.2195444573
2.0000000000
1136.1624003636
1470.7991025290
1.1180339887
924.4744452931
1340.2275926125
8.5440037453
2.2360679775
1.4142135624
2.5000000000
2.2360679775
1.0000000000
500.8882110811
1.0000000000
1.0000000000
8.5440037453
1.0000000000
2.8284271247
3.1622776602
1.4142135624
4.4721359550
2.2360679775
8.0622577483
9.0553851381
5.0000000000
2.0000000000
4.2426406871
6.3639610307
1.0000000000
2.0000000000
1.0000000000
18.6010752377
1.0000000000
828.2415106719
1.1180339887
1.1180339887
2.2360679775
1051.5835677682
997.1900520964
2.2360679775
14.1421356237
17.0293863659
1158.3790398656
6.4031242374
709.1868583103
1002.4095969213
520.7072113962
8.0622577483
10.2956301410
13.4164078650
1.0000000000
3.6055512755
427.1510271555
11.0453610172
578.9801378286
2.2360679775
4.1231056256
1.4142135624
10.3077640640
2.0000000000
5.6568542495
4.1231056256
2.0000000000
10.7703296143
1.4142135624
2.8284271247
2.0000000000
10.0000000000
7.0710678119
9.0553851381
3.0000000000
1.4142135624
1.4142135624
1.0000000000
7.0710678119
2.5000000000
6.0827625303
7.6157731059
8.6023252670
12.5299640861
957.0020898619
1.0000000000
11.1803398875
3.1622776602
1.0000000000
5.0000000000
1.0000000000
0.5000000000
2.0000000000
3.0000000000
14.3178210633
1.0000000000
679.5770743632
2.2360679775
2.2360679775
1346.5229296228
881.3903788901
671.4201367251
2.2360679775
12.1655250606
1016.2917888087
9.0553851381
2.8284271247
10.1980390272
8.2462112512
660.0916603018
3.6055512755
1.0000000000
3.1622776602
1.5000000000
1914.2761033874
3.6055512755
1.4142135624
862.2279281025
2.0000000000
0.5000000000
2.0000000000
446.3630809106
15.2970585408
7.0710678119
2.0000000000
7.2111025509
3.1622776602
823.8112647931
6.3245553203
1.0000000000
2.2360679775
3.1622776602
2.2360679775
1.4142135624
12.2065556157
666.2079255007
1.0000000000
960.3796124450
14.4222051019
1.4142135624
3.0000000000
1.0000000000
3.6055512755
345.4692460987
2.2360679775
12.3693168769
1586.6971985858
2.0000000000
1.4142135624
795.0930763125
3.9051248380
2.2360679775
7.8262379212
6.4031242374
13.9283882772
10.6301458127
614.0439723668
2.0000000000
731.4273716508
6.3245553203
1301.7146384673
932.0193131046
2.0000000000
3.0000000000
3.0000000000
9.6176920308
2.5495097568
1.0000000000
2.5000000000
6.8007352544
2.2360679775
11.1803398875
2.1213203436
569.5634293035
2.0000000000
1391.8117688826
2.0000000000
10.0000000000
2.0000000000
2.8284271247
941.3386744419
1.8027756377
2.2360679775
589.2266117548
781.0057618225
9.8994949366
2.0000000000
2.0000000000
671.5787370071
601.8538028458
1.4142135624
1.4142135624
2.0000000000
4.5276925691
1108.2644088845
2.0000000000
7.2111025509
4.0000000000
1.4142135624
380.3800730848
7.2801098893
882.6380911789
2.2360679775
7.0710678119
1274.0769207548
2.0000000000
2.2360679775
673.4574968029
2.0000000000
5.3851648071
2.2360679775
2.0000000000
2.0000000000
9.2195444573
890.2230057688
5.0000000000
4.2426406871
637.1224372128
1490.3382166475
843.7831474970
828.4757087568
1.0000000000
611.5247337598
886.3058162959
667.8031146977
7.8102496759
1.0000000000
6.7082039325
1379.1493755210
6.0000000000
2.0000000000
1.5811388301
4.4721359550
1.4142135624
728.6185558988
3.0000000000
9.4868329805
757.8471151888
840.1077311869
3.0000000000
2.0615528128
7.6157731059
6.4031242374
916.8304096178
1498.5262760459
14.0356688476
609.8524411692
437.6528304490
2.2360679775
1.0000000000
1681.0999375409
2.0000000000
1.1180339887
2.2360679775
10.0000000000
2.0000000000
1.5811388301
12.0415945788
946.7549841432
2.0000000000
8.5440037453
1.0000000000
4.4721359550
5.8309518948
1.5811388301
870.8438436367
520.0086537741
9.0000000000
907.9498884850
1.0000000000
1.4142135624
15.0000000000
1432.7292137735
3.6055512755
8.9442719100
2.8284271247
8.2462112512
652.4415682649
1.0000000000
7.2801098893
2.2360679775
846.6551836492
1.4142135624
2.0000000000
2.2360679775
1.0000000000
2.5000000000
3.1622776602
842.5508886708
3.6055512755
710.4746652767
1.4142135624
1.1180339887
965.4848522893
2.0000000000
6.0827625303
9.2195444573
3.6055512755
1172.1744750676
1.4142135624
0.7071067812
16.1554944214
1.4142135624
870.7381925700
2.5000000000
3.0000000000
1.0000000000
7.5000000000
927.4276252086
2.8284271247
1.4142135624
3.6055512755
1.0000000000
554.5901639950
1.5811388301
534.8093118112
2.8284271247
1.4142135624
1.0000000000
1.4142135624
1065.1206504429
1419.7133513495
8.0622577483
576.5624424119
1.1180339887
11.4017542510
13.0384048104
2.0000000000
2.0000000000
1031.5061803014
0.5000000000
1431.5254101831
1.5811388301
567.5006607926
1.0000000000
381.7184826544
803.7194784252
9.2195444573
11.1803398875
1.0000000000
4.4721359550
1930.6713858138
1095.7965139569
1138.6957451400
12.3693168769
2.8284271247
656.1859492552
1072.5763376096
2.2360679775
871.5273948649
549.6517079024
631.2289600454
1351.0625448143
3.6055512755
12.5299640861
2.0000000000
916.0480336751
5.0000000000
6.0827625303
1278.2460639486
5.7008771255
1.0000000000
9.0000000000
1.0000000000
2.2360679775
1.5811388301
2.0000000000
3.0000000000
8.4852813742
9.0000000000
2.0000000000
636.1008174810
2.0000000000
8.2462112512
2.0000000000
2.2360679775
1547.9628548515
1.1180339887
1.5000000000
708.4066628710
1470.0710867166
1166.9738643174
1179.4617416432
595.2495275093
1.4142135624
704.2449857826
2.8284271247
5.0000000000
1.1180339887
3.0000000000
8.4852813742
1.4142135624
2.0000000000
2.2360679775
995.6952344970
11.6619037897
2.2360679775
2.2360679775
8.0622577483
944.1239325428
1.0000000000
878.5285994206
11.7046999107
1.0000000000
3.2015621187
838.8039103390
5.0000000000
2.0000000000
8.6023252670
1.0000000000
11.0000000000
2.2360679775
515.5977113991
4.0000000000
804.8757668113
2.2360679775
9.2195444573
6.4031242374
2.8284271247
2.2360679775
8.0622577483
1273.8163132885
5.8309518948
1.0000000000
1.0000000000
2.0000000000
5.0000000000
1929.7093045327
1155.6279678166
2.0000000000
704.1393683072
3.6055512755
1.4142135624
2.0000000000
1.4142135624
1.0000000000
1215.5266348378
8.6023252670
1117.9212852433
583.0969044679
9.0000000000
2.0000000000
9.2195444573
6.3245553203
566.9162195598
1313.8588204217
10.8166538264
13.0862523283
869.0388368767
6.0827625303
1273.4382592022
2.0000000000
11.0453610172
2.0000000000
1.0000000000
791.2047775387
2.8284271247
14.0000000000
755.9609778289
1195.4622536910
14.7648230602
1280.0976525250
0.0000000000
1229.8312892426
9.8488578018
6.7082039325
1126.2437569194
11.4017542510
1602.5557712604
14.7648230602
1.0000000000
7.2801098893
2.0000000000
13.9283882772
1236.0582510545
879.4140094404
778.6359868385
8.0622577483
2.0000000000
3.0000000000
9.2195444573
1.4142135624
7.6157731059
8.5440037453
10.8166538264
1.4142135624
1.5811388301
1.0000000000
12.0415945788
2.0000000000
674.7933016858
15.0000000000
10.8166538264
2.2360679775
2.0615528128
1062.4085843027
1.4142135624
3.0000000000
7.7620873481
5.0000000000
805.5966732801
2.0000000000
558.9606426216
5.6568542495
1.1180339887
2.0000000000
7.6157731059
0.0000000000
2.5000000000
754.0324926686
2.8284271247
1.1180339887
10.0000000000
2.0000000000
1.4142135624
1.5811388301
11.1803398875
4.1231056256
7.2111025509
1.0000000000
2.2360679775
1643.0608631454
2.8284271247
1110.1013467247
1.1180339887
7.0000000000
14.4222051019
938.5312994248
1011.2615883143
849.0117784813
5.0000000000
2.2360679775
2.0000000000
698.2757335036
2.0000000000
2.8284271247
2.2360679775
4.0000000000
654.8650624365
2.2360679775
2.0000000000
1.0000000000
0.7071067812
10.7703296143
3.6055512755
7.0710678119
1.1180339887
1.4142135624
2.0000000000
759.8164251976
10.1980390272
1.1180339887
7.2801098893
12.5299640861
8.9442719100
7.8102496759
704.2591852436
333.2566578480
7.6157731059
1041.2242793942
790.4593601192
565.2123494758
5.5901699437
8.6023252670
2.2360679775
429.7731959999
10.0000000000
2.0000000000
7.0710678119
842.2309659470
1166.2589763856
14.8660687473
1.4142135624
840.1011843820
8.9442719100
5.0990195136
1.4142135624
1.0000000000
1.0000000000
7.0710678119
14.3178210633
12.5299640861
1058.9357865329
697.4482059623
1527.5958235083
917.2813090868
15.6524758425
2.8284271247
314.5536520214
928.8126829453
326.4268677667
1347.5151205089
4.0000000000
2.2360679775
3.6055512755
2.0000000000
202.3561217260
3.0000000000
1044.1230770364
2.0000000000
984.7121406787
672.4618948312
2.2360679775
924.1753080450
1.1180339887
9.0000000000
1.4142135624
1.0000000000
1.0000000000
8.2462112512
8.0622577483
3.6055512755
2.2360679775
2.0000000000
1.4142135624
1.4142135624
8.0622577483
1.0000000000
1.4142135624
2.2360679775
9.4868329805
497.8754864421
12.2065556157
1.0000000000
10.0498756211
350.7078556292
9.9247166206
2.0615528128
2.0615528128
1.4142135624
2.8284271247
1.5000000000
1052.3977385000
773.9024486329
3.1622776602
3.1622776602
1420.0552806141
17.0293863659
1.1180339887
7.6157731059
2.0000000000
2.2360679775
3.0000000000
2.2360679775
1543.7823680817
2.2360679775
660.5641528270
716.3476809483
398.6630783005
439.3187908569
1.0000000000
9.1787798753
2.0000000000
3.6055512755
578.6622503672
687.7281439639
1207.3031930712
5.0000000000
840.6485591494
1.1180339887
3.6055512755
1.4142135624
2.2360679775
893.1662779125
2.0000000000
641.8792721377
2.8284271247
2.2360679775
8.6023252670
1.0000000000
1.8027756377
1139.9600870206
11.4017542510
9.0000000000
1.4142135624
8.2462112512
878.4953044838
1.4142135624
10.1980390272
1.4142135624
3.6055512755
1.0000000000
1.5811388301
1.4142135624
826.3510150051
9.2195444573
566.2649556524
2.0000000000
2.0000000000
7.6157731059
8.0622577483
2.2360679775
10.4403065089
2.2360679775
2.8284271247
1.1180339887
9.2195444573
893.8238081412
1134.4236422078
1.1180339887
2.0000000000
1.1180339887
5.6568542495
2.2360679775
1232.1631385494
915.8738996172
1460.7025706830
15.6524758425
1076.5463297044
704.7907490880
10.0498756211
8.6023252670
3.1622776602
2.2360679775
520.1485364778
7.1589105316
3.0000000000
9.8488578018
2.0000000000
2.2360679775
1.0000000000
1.0000000000
878.2602120101
11.1803398875
2.0000000000
2.0000000000
1.4142135624
1.1180339887
3.1622776602
10.0498756211
6.3245553203
4.1231056256
1.0000000000
748.8531231156
2.0000000000
527.6911975768
1.4142135624
10.1980390272
15.0332963784
464.3888456886
3.1622776602
885.8071178310
1.4142135624
4.0000000000
2.0000000000
8.0000000000
2.0000000000
1.4142135624
8.0000000000
7.2801098893
6.3245553203
461.1398920068
999.6744470076
645.5648689326
16.1554944214
4.0000000000
2.0000000000
1.0000000000
794.5973823264
765.2875276653
794.9405638159
568.0862610555
864.7571913549
1.4142135624
2.2360679775
1.0000000000
2.8284271247
0.0000000000
17.7200451467
5.0000000000
2.2360679775
1.1180339887
2.5495097568
10.0498756211
1.0000000000
8.5146931830
1.0000000000
7.6157731059
7.6157731059
372.3291554525
2.0000000000
10.6301458127
1.4142135624
1.1180339887
2.0000000000
1.5811388301
1.0000000000
899.2135452716
2.0000000000
762.0478987570
4.7169905660
2.5000000000
2.0000000000
8.2462112512
2.2360679775
1.4142135624
2.0000000000
1.1180339887
4.2426406871
11.1803398875
347.7542235545
4.4721359550
2.2360679775
918.6147179313
7.0710678119
12.0415945788
750.9360824997
4.2426406871
1.0000000000
1.4142135624
5.0990195136
2.1213203436
6.0827625303
374.1527094650
1.4142135624
8.0622577483
1667.3934748583
1491.0700855426
2.2360679775
2.1213203436
2.0000000000
1.1180339887
2.0000000000
5.8309518948
1.4142135624
10.4403065089
1.4142135624
2.2360679775
0.7071067812
1.0000000000
1.0000000000
1.0000000000
3.6055512755
1.4142135624
1.0000000000
856.7671795768
2.2360679775
1.5000000000
10.0498756211
2.0000000000
1.8027756377
1.4142135624
6.0207972894
3.0000000000
11.0453610172
8.0000000000
11.1803398875
3.6055512755
3.1622776602
689.0000000000
7.6157731059
6.7082039325
532.2800015030
15.1327459504
1.1180339887
11.0453610172
2.2360679775
1169.0615894811
2.2360679775
9.2195444573
1.0000000000
873.8266418461
9.0000000000
836.0436591471
1.4142135624
785.3769795455
2.2360679775
630.7646153677
1701.2163295713
2.0000000000
2.1213203436
2.2360679775
8.0622577483
309.7628124872
9.8488578018
5.0000000000
2.0000000000
2.1213203436
1.4142135624
1.4142135624
658.9210878398
7.0710678119
2.0000000000
5.0000000000
2.2360679775
3.0000000000
12.0415945788
2.8284271247
1.0000000000
2.0000000000
2.0000000000
2.0000000000
6.4031242374
2.2360679775
1.1180339887
9.2195444573
10.1980390272
1.4142135624
17.0000000000
1.4142135624
2.0000000000
3.1622776602
1.4142135624
16.4924225025
900.3310502254
1298.6531484580
2.2360679775
1.1180339887
1.8027756377
1.0000000000
1.0000000000
13.4536240471
925.5884614665
7.2111025509
931.7107920380
10.6301458127
914.1608173620
5.0990195136
9.2195444573
1.4142135624
2.0000000000
1052.9563143835
744.8738148170
968.0433874574
1.4142135624
10.0000000000
1368.1290143842
2.1213203436
10.7703296143
3.6055512755
7.0710678119
1.4142135624
1.0000000000
3.6055512755
2.2360679775
18.4390889146
1.4142135624
5.0000000000
2.2360679775
3.0000000000
1627.2372291710
602.4566374437
2.0000000000
6.0000000000
832.2043018394
537.7080992509
882.0867304296
2.2360679775
5.0000000000
780.1083258112
1.0000000000
1.4142135624
14.4222051019
3.0000000000
4.0000000000
2.0000000000
1127.0811860731
9.8488578018
928.6420192948
5.1478150705
1.0000000000
3.0000000000
3.0000000000
969.9618549201
1108.0018050527
3.0000000000
478.0041840821
866.9123369753
2.2360679775
1.4142135624
833.1158382842
8.0622577483
1.0000000000
1.0000000000
6.4031242374
2.2360679775
1.4142135624
9.4868329805
9.2195444573
2.0000000000
4.0000000000
1.4142135624
725.2620216170
1.4142135624
1460.6796363337
954.9497368972
2.0000000000
4.1231056256
6.7082039325
9.8488578018
1.4142135624
12.0415945788
708.6924579816
1.0000000000
1.0000000000
606.2384019509
14.2126704036
14.3178210633
1334.2540987383
8.0622577483
10.6301458127
588.9923598825
1078.7126586816
4.2426406871
1.4142135624
1073.7988638474
9.0000000000
2.8284271247
7.2111025509
1.0000000000
1.4142135624
676.5655917943
639.1377003432
2.2360679775
195.9004849407
2.0000000000
7.0000000000
1.0000000000
1008.1116009649
3.6055512755
2.0000000000
433.8813201787
5.0000000000
761.0105124110
630.7138812489
1597.4761344070
13.8924439894
1017.7568471890
1.8027756377
1.0000000000
1371.7073303005
1.4142135624
10.0498756211
1.1180339887
861.1974221977
5.8309518948
1.0000000000
1.0000000000
3.0000000000
813.5301162219
1.0000000000
1.0000000000
553.8892037222
8.2462112512
3.6055512755
11.1803398875
10.7703296143
2.0000000000
905.5258140992
10.0498756211
3.1622776602
2.0000000000
1.8027756377
1.5811388301
2.8284271247
1379.6119019492
5.8309518948
2.8284271247
16.0000000000
2.2360679775
2.2360679775
1670.1197561852
788.9359923340
1001.7045472593
981.8294149189
6.7082039325
647.4266367705
2.0000000000
2.0000000000
2.0000000000
3.1622776602
2.2360679775
3.6055512755
1.4142135624
1407.6622464213
7.0000000000
3.1622776602
2.0000000000
2.0000000000
3.0000000000
1.1180339887
652.7541650576
7.0710678119
1.4142135624
1079.4781146461
2.8284271247
1177.4349238918
1799.0344632608
1255.3262524141
906.4325678174
14.8660687473
913.8982437887
1.1180339887
1477.1015537193
1250.3095616686
1.4142135624
3.6055512755
1329.7838170169
1.0000000000
784.8190874335
1.0000000000
691.5930884559
9.4868329805
2.0000000000
731.7793383254
579.5903725908
1.0000000000
2.0000000000
6.3245553203
19.6468827044
2.0000000000
2.0000000000
4.4721359550
9.8488578018
0.5000000000
1.1180339887
1.0000000000
3.1622776602
1.0000000000
1.0000000000
1.0000000000
10.4403065089
1.8027756377
8.0000000000
2.0000000000
1.0000000000
2.2360679775
1308.5736509650
1.0000000000
2.5000000000
1.0000000000
9.4339811321
9.0553851381
2.0000000000
6.3245553203
1.5000000000
2.8284271247
2.0000000000
14.0356688476
1.8027756377
11.1803398875
1.8027756377
1.4142135624
7.2801098893
1.5811388301
1.0000000000
2.2360679775
1.4142135624
946.3043907750
1.0000000000
2.0000000000
1325.2082855159
1.0000000000
3.1622776602
8.0000000000
2.0000000000
2.5495097568
6.7082039325
1.0000000000
2.0000000000
3.0000000000
2.2360679775
624.5846619955
2.0000000000
1281.1951451672
2.0000000000
1.0000000000
2.2360679775
2.0000000000
1.4142135624
1.5811388301
1095.4364427022
1434.7588647574
17.4642491966
11.0000000000
2.8284271247
1.4142135624
1.8027756377
11.1803398875
2.8284271247
2.2360679775
8.0622577483
8.2462112512
1.0000000000
5.3851648071
5.0000000000
2.0000000000
2.0000000000
12.8062484749
9.8488578018
6.0000000000
9.4339811321
0.0000000000
1.8027756377
1.0000000000
1.0000000000
5.3851648071
893.0985387963
1465.4159818973
2.0000000000
466.9271891848
6.4031242374
1.0000000000
8.9442719100
988.0855226143
945.3771734075
3.1622776602
850.9031966093
7.2111025509
1.0000000000
5.8309518948
5.0000000000
1.4142135624
2.0000000000
420.7445780993
2.0000000000
1.4142135624
6.7082039325
2.2360679775
11.6726175299
1.4142135624
1.0000000000
8.5440037453
2.0000000000
686.2259103240
13.6014705087
2.0000000000
6.4031242374
2.0000000000
3.0000000000
10.4403065089
858.1753899990
3.1622776602
2.2360679775
1.0000000000
1657.8136204049
1408.7643521895
758.3963343793
434.1658669218
4.4721359550
2.0000000000
1.0000000000
2.2360679775
3.6055512755
2.2360679775
779.1752049443
2.0000000000
1.1180339887
739.7546890693
1.1180339887
8.2462112512
1.4142135624
1137.7455778864
552.5984075258
1.0000000000
14.0000000000
1.0000000000
1048.4474235745
1.0000000000
4.2720018727
1.0000000000
627.6248879705
10.7354552768
838.0411684398
486.6787955110
817.1523725720
5.3851648071
2.2360679775
1.0000000000
1093.3078249057
2.2360679775
1.1180339887
2.5495097568
14.0356688476
3.0000000000
1.0000000000
8.5440037453
10.4403065089
1.0000000000
5.0000000000
3.0000000000
1.5811388301
927.6658881300
1.0000000000
8.2462112512
1.4142135624
1.4142135624
3.0000000000
7.8102496759
9.4339811321
2.2360679775
16.9705627485
1.0000000000
736.2852708020
11.3137084990
2.0000000000
1.4142135624
2.0000000000
15.6524758425
551.1306560154
1.4142135624
783.5497750622
1.4142135624
543.8133871100
2.2360679775
5.0000000000
1.0000000000
1.4142135624
5.8309518948
2.0000000000
507.6553949285
891.0779988306
3.0000000000
2.0000000000
1.5811388301
9.2195444573
11.0000000000
8.0622577483
8.9442719100
3.0000000000
676.5389863119
8.2462112512
13.6014705087
712.4324529385
2.8284271247
8.0622577483
7.2111025509
18.0277563773
14.3178210633
7.0710678119
968.4647644597
12.0830459736
986.9270489758
2.0000000000
5.8309518948
2.0000000000
780.2083055185
295.1609730300
1.0000000000
1.0000000000
5.5226805086
1.0000000000
1.0000000000
2.0000000000
1.4142135624
1.4142135624
643.5627397543
2.2360679775
1.0000000000
2.0000000000
1.1180339887
1626.9837122725
18.1107702763
301.7316688715
848.9949940960
8.5440037453
2.2360679775
1122.8610777830
2.0000000000
11.1803398875
10.0498756211
1169.8722152440
186.1021225027
2.2360679775
10.0000000000
5.8309518948
1607.6905796825
2.0000000000
1.4142135624
717.4043490250
0.0000000000
612.3952971733
1.0000000000
9.4868329805
2.2360679775
3.0000000000
1441.8172561043
1.5000000000
821.7756689024
1.0000000000
9.4868329805
1.0000000000
530.1438484034
3.0000000000
2.2360679775
2.0000000000
2.0000000000
2.2360679775
1.0000000000
948.0427205564
10.0000000000
5.0990195136
934.6341530246
1884.4757891785
3.0000000000
2.0000000000
1.0000000000
4.1231056256
10.2956301410
2.0000000000
9.2195444573
1.4142135624
1.4142135624
8.0622577483
9.2195444573
2.2360679775
1.0000000000
788.0794693430
1.0000000000
2.2360679775
936.5404422661
1.4142135624
2.0000000000
10.4403065089
509.1414341811
637.7867982328
7.0710678119
1079.5170216351
2.2360679775
903.7211959449
417.0506563956
1.0000000000
762.1266298982
10.0000000000
490.3886214014
1.0000000000
3.0000000000
1.0000000000
2.2360679775
13.3416640641
451.5675475496
732.8881224307
2.0000000000
4.0000000000
786.5576901919
569.0852308750
3.0000000000
819.1855711620
970.7440445349
8.5440037453
3.0000000000
9.1923881554
3.6055512755
2.2360679775
2.2360679775
3.0000000000
12.0415945788
1.0000000000
11.1803398875
3.0000000000
1.0000000000
2.2360679775
1.1180339887
1.5811388301
8.0622577483
1.4142135624
5.0000000000
939.0788039350
7.6157731059
1.0000000000
10.4403065089
13.1529464380
8.0622577483
11.6619037897
16.1245154966
2.2360679775
6.3245553203
4.2720018727
1.4142135624
1.1180339887
646.1284701977
1.0000000000
1.4142135624
1.0000000000
7.8102496759
2.2360679775
425.6806314598
1099.8845393949
7.2801098893
1.4142135624
1.4142135624
982.4444004624
2.0000000000
1.0000000000
1.0000000000
2.2360679775
498.5549117199
6.7082039325
12.7279220614
2.0000000000
714.7027354082
9.2195444573
598.6868964659
7.6157731059
811.1485683893
5.0000000000
5.0990195136
600.3540622000
1.0000000000
553.7549096848
3.1622776602
1230.3548268691
6.3245553203
7.8102496759
12.2065556157
8.0622577483
2.2360679775
2.8284271247
2.2360679775
1.4142135624
2.2360679775
1.4142135624
0.0000000000
1.0000000000
2.6925824036
3.0000000000
3.0000000000
2.2360679775
7.2111025509
5.5226805086
1.0000000000
11.4017542510
7.4330343737
7.2801098893
1.1180339887
1.0000000000
529.7480533235
517.3045524640
1.1180339887
14.1421356237
600.7403765355
3.0000000000
3.6055512755
1.0000000000
20.6155281281
11.7046999107
2.2360679775
1.4142135624
7.2801098893
978.1656301466
1.0000000000
2.0000000000
1.5000000000
1.0000000000
1826.9168016087
11.3137084990
3.1622776602
1370.5871004792
6.3245553203
736.7855861782
2.6925824036
2.0000000000
11.0453610172
725.1406760071
9.8488578018
9.4339811321
1.4142135624
1.0000000000
7.0710678119
19.2353840617
13.0000000000
3.6055512755
531.8895562050
2.2360679775
662.6541330136
8.6023252670
1.4142135624
859.8331233443
3.0000000000
13.8924439894
2.0000000000
2.8284271247
800.1115547222
1.0000000000
1.4142135624
2.2360679775
919.9027122473
6.0827625303
1.0000000000
2.8284271247
10.0498756211
2.0000000000
624.5030023947
11.4017542510
18.1107702763
21.1896201004
1052.3160171735
667.7761601016
8.6023252670
679.1818607707
568.6281737656
8.0622577483
820.0878001775
19.2353840617
1.1180339887
10.0498756211
2.0000000000
2.0000000000
1.4142135624
660.5119226782
2.0000000000
11.7046999107
716.4530689445
1441.0222066297
10.1980390272
805.6346876842
11.4017542510
973.5132253853
797.4609708318
961.4318748617
325.0753758746
1430.7917388635
1.0000000000
1.4142135624
1.0000000000
2.2360679775
1.0000000000
5.0000000000
2.0000000000
1169.8375955662
1.0000000000
0.7071067812
9.8994949366
3.0000000000
828.7484539955
2.0000000000
2.2360679775
5.3851648071
955.6578885773
731.6836748213
685.0204376513
2.8284271247
2.8284271247
601.2803006918
10.4403065089
1452.8761130943
1.5000000000
7.0710678119
8.6023252670
10.6301458127
1.1180339887
1.0000000000
2.0000000000
788.1326030561
1.4142135624
7.2111025509
1.4142135624
2.0615528128
2.6925824036
6.0207972894
1.4142135624
719.1446307941
1.1180339887
2.2360679775
1389.4063480494
7.2801098893
711.2538224853
2.0000000000
3.0000000000
911.7938363468
8.2462112512
3.1622776602
9.2195444573
2.2360679775
358.1312608528
9.4339811321
724.0455786758
594.6738601957
2.2360679775
3.0000000000
1.0000000000
1.0000000000
1.0000000000
8.0000000000
6.0827625303
2.8284271247
2.9154759474
10.0000000000
2.8284271247
3.0000000000
2.0000000000
2.2360679775
3.0000000000
1052.8784355281
823.8495008192
1675.5766171680
10.0000000000
6.8007352544
1.0000000000
3.6055512755
1.4142135624
1089.8008992472
7.8102496759
814.1750426045
2.2360679775
3.6055512755
594.3483826848
2.0000000000
1.0000000000
1.4142135624
8.0622577483
6.4031242374
2.2360679775
789.9227810362
906.9977949257
556.1735340701
6.0827625303
883.9259018719
9.0553851381
8.0622577483
1199.0237695726
1.1180339887
10.1980390272
12.0830459736
10.6301458127
2.0000000000
2.2360679775
2.0000000000
1.1180339887
1.0000000000
2.2360679775
16.1554944214
1.4142135624
1.1180339887
12.6491106407
288.3764900265
529.5016524998
12.3693168769
1.0000000000
494.0212546035
4.0000000000
1.0000000000
2.0000000000
2.2360679775
1.0000000000
1222.5105316520
1310.8703215803
8.0622577483
12.6491106407
1.0000000000
698.5993129112
2.0000000000
2.2360679775
2.0000000000
1.0000000000
1.1180339887
948.3564730627
2.5000000000
7.8102496759
0.5000000000
7.8102496759
11.1803398875
8.2462112512
2.0000000000
5.0990195136
1.0000000000
1.5811388301
1.4142135624
1.4142135624
1742.9767640448
3.6055512755
1.4142135624
1120.2736272893
997.4632825322
11.4017542510
798.3608206820
636.2460215986
1.8027756377
1.0000000000
1.4142135624
4.0000000000
5.3851648071
14.7648230602
1.5811388301
12.0830459736
1.0000000000
1540.6446702598
13.0000000000
1.0000000000
10.7703296143
3.1622776602
1.0000000000
1033.7698002940
2.0000000000
2.2360679775
1.0000000000
9.0000000000
1.1180339887
10.6301458127
1.0000000000
2.8284271247
1.4142135624
992.1819389608
11.1803398875
2.0000000000
671.3940720620
1.5000000000
3.0000000000
1442.9279261280
2.2360679775
1.0000000000
13.4164078650
2.0000000000
2.2360679775
862.8423958059
3.6055512755
292.5816125460
793.9735511968
10.4403065089
0.5000000000
2.2360679775
1.4142135624
3.0000000000
1.0000000000
1.0000000000
864.2528565183
2.0000000000
5.3851648071
1.4142135624
783.6877566991
1.4142135624
358.6697645467
1.0000000000
889.8640345581
961.4624277630
9.4868329805
509.2042812075
2.2360679775
19.0000000000
18.0277563773
1458.2527215816
10.2956301410
2.0000000000
2.0000000000
1.0000000000
1.5811388301
1609.0574880967
2.8284271247
2.0000000000
841.3714993985
0.0000000000
1.1180339887
1.1180339887
3.1622776602
1.4142135624
2.8284271247
1.1180339887
7.0710678119
1560.8629023716
16.1245154966
1.4142135624
2.0000000000
1.0000000000
7.2111025509
3.1622776602
7.2801098893
1.4142135624
2.2360679775
1.4142135624
562.5388875447
1.8027756377
8.9442719100
9.0000000000
412.1092088270
496.5178748041
1804.3774549689
823.1690288149
5.0000000000
1.4142135624
1518.0329377191
8.5440037453
2.0000000000
5.0990195136
5.0000000000
3.0000000000
1.0000000000
7.2801098893
792.7092783612
2.2360679775
6.7082039325
6.4031242374
9.2195444573
2.0000000000
13.0000000000
2.0615528128
6.0827625303
673.9287796199
1316.0490112454
623.0200638824
2.0000000000
10.1980390272
1279.9453113317
8.0000000000
839.9744043719
2.2360679775
1.0000000000
10.6301458127
2.0000000000
2.5000000000
7.0710678119
4.1231056256
10.4403065089
16.4924225025
1380.2843909861
1.0000000000
3.1622776602
1.8027756377
2.0000000000
0.0000000000
1.0000000000
15.8113883008
959.9053338741
1.0000000000
8.0622577483
690.2296719209
4.2426406871
1508.6000132573
998.1127190854
1.4142135624
2.2360679775
1.1180339887
1.1180339887
2.0000000000
578.1323377913
1.0000000000
626.4072157950
1443.5906622031
5.0990195136
12.6491106407
1.0000000000
610.0073770046
2.0000000000
887.6716735370
5.0000000000
2.2360679775
2.2360679775
1022.1889502435
10.4403065089
3.1622776602
477.3227419682
0.0000000000
2.0000000000
1222.4316954333
935.5046766318
979.0250252164
801.3101771474
631.4712978434
2.2360679775
2.2360679775
2.5495097568
1.0000000000
1.0000000000
2.0000000000
6.0000000000
271.6707566154
1.4142135624
2.2360679775
15.2315462117
1195.4233559706
666.6010801071
2.0000000000
2.5000000000
1.0000000000
878.6609129807
5.0000000000
1.5000000000
5.0000000000
2.0000000000
792.9769857947
1.0000000000
3.0000000000
1255.9872610819
17.1172427686
5.3851648071
1.0000000000
1.0000000000
4.0000000000
929.8091201962
1.0000000000
11.7046999107
1360.9650987443
712.8534211183
3.0000000000
1.4142135624
8.2462112512
0.0000000000
2.0000000000
3.0000000000
3.3541019662
932.2365579616
1231.4974624416
19.8494332413
1.4142135624
1473.8799136972
7.2801098893
1.0000000000
701.7300050589
14.8660687473
818.9676428285
10.1980390272
645.4967079699
2.8284271247
8.5440037453
1312.6530386968
875.0342850426
2.2360679775
1.4142135624
2.8284271247
1279.2849565285
7.6157731059
1.1180339887
2.0000000000
6.0000000000
684.6845989213
3.0000000000
1.4142135624
2.0000000000
923.0021668447
14.1421356237
1.4142135624
652.4078478988
2.0000000000
710.9331895474
867.2790784978
2.0000000000
349.2921413373
468.8816481800
6.7082039325
1434.2956459531
15.2970585408
2.0000000000
2.2360679775
1207.7789532857
3.1622776602
9.0553851381
3.0000000000
7.4330343737
2.0000000000
1.4142135624
2.5000000000
11.0453610172
2.2360679775
973.0596076295
790.0632886041
1.0000000000
2.0000000000
3.3541019662
6.3639610307
1.0000000000
3.0000000000
947.1668279664
1236.7396654106
1.4142135624
2.0000000000
5.0990195136
871.7029310493
1.0000000000
3.0000000000
615.8936596524
6.7082039325
1.4142135624
2.0000000000
861.5898095962
1.4142135624
4.0000000000
2.0000000000
3.1622776602
326.7185332974
7.2801098893
1530.4757430289
1185.0206749251
959.6353474107
886.0073363127
758.8076172522
2.0000000000
1146.8888350664
582.7426533213
608.3263926545
3.0000000000
6.2649820431
645.5387285051
11.1803398875
2.0000000000
12.3693168769
2.2360679775
8.5440037453
8.6023252670
2.0000000000
4.0000000000
2.2360679775
2.0000000000
2.2360679775
414.0350226732
1.0000000000
7.2111025509
2.8284271247
1234.9129523979
848.4868885257
1.0000000000
253.2390175309
2.0000000000
2.0000000000
2.0000000000
8.0622577483
2.0000000000
14.8660687473
1.0000000000
9.8994949366
1.4142135624
1.0000000000
2.0000000000
557.5392362875
629.7697992124
4.4721359550
2.2360679775
988.7694372299
1.0000000000
6.0827625303
17.7200451467
10.7703296143
3.2015621187
18.9736659610
2.0000000000
2.0000000000
5.0000000000
1.0000000000
2.2360679775
8.0622577483
1368.9108809561
3.1622776602
1.4142135624
1.0000000000
2.0000000000
1.1180339887
3.1622776602
15.6204993518
1.1180339887
10.0000000000
1.4142135624
260.0173071163
772.7483419588
2.0000000000
15.0000000000
2.2360679775
612.4197906665
12.5299640861
14.0000000000
11.7046999107
2.2360679775
9.8994949366
6.0000000000
465.7402709666
1.4142135624
9.0000000000
11.0453610172
0.5000000000
1.5000000000
1249.7879820194
3.1622776602
1027.2803901565
1.8027756377
16.0312195419
787.0991043064
665.2886591548
2.2360679775
3.1622776602
1093.3956283066
1.0000000000
2.0000000000
2.0000000000
2.0000000000
7.0710678119
816.4073738031
7.1589105316
1.4142135624
3.0000000000
699.5434225264
2.2360679775
956.1155787874
7.2801098893
634.3476964568
3.0413812651
2.2360679775
2.5000000000
1819.0527754851
1191.9068755570
5.8309518948
11.6619037897
2.0000000000
461.2992521130
1.5811388301
592.1562293855
809.7616933395
9.0000000000
1.1180339887
2.2360679775
6.0827625303
8.6023252670
1.4142135624
1.1180339887
2.0000000000
1.4142135624
693.3145029494
11.0453610172
3.0000000000
3.6055512755
1550.0725789459
2.2360679775
1.0000000000
943.0599132611
18.0277563773
748.8244119952
1.1180339887
2.2360679775
2.0000000000
6.0000000000
8.4852813742
4.5000000000
1.0000000000
1.5811388301
1166.8419987299
10.8166538264
1.5811388301
683.1786003674
813.2459652528
855.2578558540
8.0622577483
2.0000000000
1.4142135624
3.6055512755
1.4142135624
3.2015621187
1.0000000000
1.0000000000
8.6023252670
7.6157731059
1.4142135624
9.0000000000
1.4142135624
1.5811388301
1054.6525494209
2.0000000000
1.8027756377
657.5142584005
593.1020148339
1.4142135624
363.6000550055
626.3960408559
2.0000000000
9.2195444573
1.0000000000
927.0949250212
3.1622776602
1.4142135624
1.8027756377
5.0000000000
7.8102496759
11.6619037897
2.0000000000
9.8488578018
1.0000000000
1.0000000000
635.4038086131
568.0712983420
3.1622776602
980.4636658235
1155.7668449995
1793.7215502970
1.5811388301
1583.1061240485
11.1803398875
2.8284271247
5.3851648071
2.8284271247
987.4168319408
882.0867304296
2.2360679775
2.0000000000
665.3247327433
1.0000000000
1.0000000000
8.4852813742
11.6619037897
1123.8616462893
1373.9992721978
785.2451846398
16.4924225025
2.0000000000
6.3245553203
2.0000000000
3.1622776602
931.7751874782
691.9783233599
1.4142135624
18.3847763109
7.8102496759
1184.0139357288
11.1803398875
3.0000000000
1.0000000000
2.8284271247
874.0829480089
3.6055512755
15.8113883008
1.0000000000
2.0000000000
1.4142135624
1176.8602295940
2.8284271247
5.0990195136
10.0498756211
4.0000000000
7.2111025509
5.8309518948
1.0000000000
17.0293863659
9.8488578018
8.5440037453
11.1803398875
658.9028759992
2.2360679775
1.4142135624
2.5000000000
1.0000000000
338.6163020293
1.0000000000
2.0000000000
2.0000000000
13.3416640641
5.8309518948
7.8102496759
1.4142135624
2.0000000000
3.0000000000
7.3824115301
6.3245553203
2.2360679775
1104.2191811411
1.4142135624
2.0000000000
2.0000000000
1.0000000000
6.6708320321
3.0000000000
2.8284271247
2.0000000000
1078.5480981393
983.0574754306
1217.2054058375
1.4142135624
7.8102496759
3.6055512755
1.4142135624
19.2093727123
2.2360679775
2.2360679775
967.9710739480
9.0553851381
3.1622776602
542.8526503574
2.5000000000
7.6157731059
769.4324206842
5.0990195136
2.0000000000
2.0000000000
1.0000000000
1.0000000000
812.3509093981
671.3525526875
4.0000000000
2.0000000000
1001.3510872816
471.1539026688
1.4142135624
570.5304549277
2.2360679775
9.2195444573
0.0000000000
1113.6830787976
4.0000000000
1.0000000000
810.7379354637
1095.2926549557
1.4142135624
2.2360679775
2.0000000000
1.0000000000
1.5811388301
8.0000000000
1.0000000000
1.1180339887
5.3851648071
13.3416640641
2.8284271247
1007.1504356351
1.0000000000
1.1180339887
598.0677219178
12.5299640861
2.2360679775
1.4142135624
2.0000000000
21.0237960416
1.0000000000
817.5879157620
1.0000000000
1.4142135624
1.4142135624
1.4142135624
2.2360679775
3.6055512755
2.0000000000
2.2360679775
2.0000000000
15.0000000000
3.1622776602
2.0000000000
682.9824302279
10.0000000000
504.9059318329
1.4142135624
1.4142135624
10.7703296143
1.1180339887
3.0000000000
2.0000000000
1550.8207504415
9.2195444573
1.4142135624
1.0000000000
8.0000000000
793.4544725440
1186.0674517075
2.0000000000
714.7649963450
663.3226967321
1.5811388301
1.4142135624
1.4142135624
702.6023057178
1.0000000000
1.0000000000
9.0000000000
6.4031242374
2.0000000000
809.1538790613
9.0553851381
1.0000000000
955.0581134151
8.5440037453
862.0208814176
1.4142135624
3.0000000000
7.8102496759
2.8284271247
2.0000000000
991.0726512219
2.1213203436
716.1571056689
649.4651645777
1.4142135624
573.6357729431
2.0000000000
1010.7828649121
1.0000000000
864.5721485220
1243.2127734222
2.0000000000
1.1180339887
1.0000000000
1.5811388301
688.8867831509
2.2360679775
1.4142135624
3.1622776602
1.1180339887
14.5602197786
3.0000000000
8.0000000000
1.4142135624
1240.2741632397
9.0553851381
703.9126366247
7.0710678119
11.0000000000
2.0000000000
2.9154759474
668.4265105455
1424.1969667149
1.0000000000
2.0000000000
7.8102496759
2.8284271247
1141.9794218811
1.0000000000
629.9841267842
10.0000000000
1.4142135624
2.2360679775
6.0000000000
1.4142135624
777.0548564934
3.6055512755
1.0000000000
9.0000000000
6.2649820431
1.1180339887
2.0615528128
1257.9491245674
1.5000000000
12.7475487840
8.0622577483
7.8102496759
1.5811388301
1.0000000000
2.2360679775
4.2426406871
1.4142135624
2.2360679775
1.1180339887
6.4031242374
2.0000000000
8.4852813742
4.0000000000
1560.3755958102
2.2360679775
2.0000000000
9.4868329805
3.0000000000
1.1180339887
5.0000000000
8.5440037453
2.2360679775
945.7113724599
6.7082039325
1.1180339887
2.2360679775
2.0000000000
1147.5208059116
2.0000000000
2.2360679775
2.2360679775
11.7046999107
1.0000000000
7.2111025509
3.0000000000
4.1231056256
9.4868329805
2.0000000000
10.1980390272
1.0000000000
8.0622577483
11.7046999107
711.5623655028
644.9410825804
1.4142135624
2.0000000000
5.8309518948
1.0000000000
9.0553851381
1444.2437467408
3.1622776602
1.0000000000
11.0000000000
2.0000000000
830.7887818212
1.4142135624
1.1180339887
13.0000000000
6.3245553203
10.0000000000
2.0000000000
2.0000000000
2.6925824036
774.4856357609
2.8284271247
2.2360679775
10.4403065089
3.6055512755
1486.4561883890
1530.3153269833
2.2360679775
649.0377492874
999.7924784674
7.2801098893
584.5136867516
1393.0990632399
1.0000000000
1.0000000000
2.0000000000
17.4642491966
1212.6961696979
3.0000000000
492.5200503533
1.5811388301
2.2360679775
2.0000000000
2.0000000000
739.2191826515
1.0000000000
652.2277209687
1.0000000000
1.1180339887
10.7703296143
3.6055512755
2.8284271247
9.2195444573
7.0710678119
476.6015106984
7.0710678119
1.5000000000
1.0000000000
1.4142135624
10.4403065089
805.9236936584
707.9901129253
1.0000000000
17.0000000000
1.0000000000
1.0000000000
2.0000000000
1268.7288914500
893.1545219054
12.8062484749
860.6160584140
3.0000000000
13.6014705087
1.4142135624
1713.7543581272
8.2462112512
9.3941471140
10.4403065089
1782.6182990197
630.7535176279
2.8284271247
499.6060948387
2.0000000000
2.0615528128
2.2360679775
4.9244289009
3.0000000000
2.0000000000
1.4142135624
2.0000000000
1.0000000000
2.2360679775
3.6055512755
591.8868135041
2.8284271247
2.0000000000
2.2360679775
4.2426406871
2.1213203436
18.0000000000
11.3137084990
1.4142135624
866.9036855384
10.4403065089
4.2426406871
490.4079934096
929.9860214003
977.2538053136
1510.2959974786
13.6014705087
12.0415945788
7.8102496759
977.5285162081
1025.1170664856
4.0000000000
0.5000000000
2.0000000000
11.4017542510
12.0415945788
1.0000000000
2.0000000000
2.0000000000
2.5495097568
3.1622776602
9.2195444573
574.4231889470
2.2360679775
6.0827625303
1281.3574832965
10.0000000000
2.2360679775
7.0710678119
296.7086112670
1.0000000000
8.0622577483
645.8118921172
8.0622577483
2.2360679775
1.0000000000
17.4642491966
2.0000000000
1.4142135624
422.8025543915
1.0000000000
1.4142135624
3.3541019662
6.0207972894
2.8284271247
825.9812346537
8.0622577483
2.0000000000
923.0492944583
2.2360679775
6.0827625303
1.4142135624
1.4142135624
1804.7431950280
8.0622577483
1.0000000000
545.2017975025
8.0622577483
1666.5995319812
679.8560509402
796.0522909960
310.9099548101
756.3398706931
2.8284271247
1.0000000000
2.0000000000
1037.6324011903
2.2360679775
2.2360679775
1097.3190055768
2.0000000000
661.4000302389
2.5495097568
1476.7999187432
13.9283882772
9.2195444573
1493.7536610834
4.1231056256
0.0000000000
407.4125673074
3.2015621187
2.0000000000
2.2360679775
11.1803398875
1.4142135624
9.4868329805
1.0000000000
763.8965898602
1.8027756377
687.1535490704
801.6514205064
825.1993698495
2.0000000000
2.2360679775
2.0000000000
1871.8600375028
2.0000000000
1172.9658989076
4.0000000000
1.4142135624
1.5811388301
1.8027756377
1.4142135624
1.0000000000
15.8113883008
2.0000000000
1.0000000000
1.0000000000
776.4238533172
12.1655250606
1.4142135624
4.1231056256
5.3851648071
9.8994949366
2.0000000000
2.0000000000
819.5376745458
701.6097562035
1.1180339887
2.2360679775
890.4032794189
13.0384048104
1371.1181568340
2.8284271247
5.0000000000
573.3280038512
3.2015621187
3.6055512755
12.0830459736
1.5811388301
1.5811388301
2.0000000000
2.0000000000
3.3541019662
1.0000000000
7.2801098893
6.0000000000
1126.9520841633
3.1622776602
1.8027756377
584.4929426435
1.0000000000
1571.1871308027
1691.0957985874
4.2426406871
2.0615528128
7.2111025509
1.0000000000
2.2360679775
583.3095233236
4.0000000000
2.0000000000
1.4142135624
4.2426406871
4.0000000000
776.4032457428
618.0978886875
2.2360679775
1.0000000000
2.2360679775
3.0000000000
2.0000000000
0.5000000000
8.9442719100
1.0000000000
1.0000000000
1.0000000000
1.0000000000
7.2111025509
2.0000000000
2.2360679775
2.0000000000
1.4142135624
1202.6192248588
1.4142135624
1.4142135624
8.4852813742
1077.4562636135
1.4142135624
1.0000000000
3.0000000000
892.1866396668
2.2360679775
2.0000000000
2.2360679775
821.3872411963
2.2360679775
2.0000000000
850.1199915306
682.1150929279
1.0000000000
1.0000000000
3.0000000000
9.4339811321
3.6055512755
1.4142135624
9.4339811321
3.1622776602
1.4142135624
2.0000000000
2.2360679775
2.2360679775
12.2065556157
2.2360679775
391.4294316987
3.0000000000
1.5811388301
11.0453610172
644.9565876863
2.0000000000
1.4142135624
3.0000000000
866.6083313701
5.8309518948
11.1803398875
667.3297535702
666.4608015480
2.0000000000
3.1622776602
14.0356688476
1.0000000000
8.0622577483
21.2602916255
1.1180339887
1795.6862198057
1.1180339887
1.4142135624
12.0415945788
2.0000000000
5.0000000000
2.8284271247
1236.1310610125
4.0000000000
2.2360679775
1.0000000000
1.4142135624
629.8142583334
2.0000000000
3.0000000000
1677.8140540596
671.3568350736
10.0000000000
1135.9317761204
1.0000000000
4.1231056256
4.4721359550
2.2360679775
690.3810542012
3.1622776602
2.0000000000
1003.0842437203
2.2360679775
9.0553851381
8.0622577483
2.2360679775
7.2801098893
536.3524960322
1.0000000000
1599.4780398618
2.2360679775
742.4553858650
2.2360679775
2.8284271247
12.5299640861
811.5663866869
1064.8286247092
978.0235170997
2.8284271247
965.4434214391
455.4119014694
1.0000000000
1.0000000000
1.4142135624
3.6055512755
2.0000000000
2.8284271247
7.5663729752
1.4142135624
18.8679622641
981.2695857918
1.4142135624
568.5156110434
1.4142135624
6.0827625303
2.0000000000
17.0000000000
2.0000000000
0.5000000000
2.0000000000
2.2360679775
8.6023252670
10.1980390272
1059.4356988510
12.0415945788
1.4142135624
1517.1305151502
3.0000000000
1.0000000000
1.0000000000
15.5241746963
1.4142135624
1.4142135624
14.1421356237
2.2360679775
8.5440037453
9.2195444573
8.0622577483
2.0000000000
2.2360679775
8.6023252670
2.2360679775
1.4142135624
5.0990195136
1.0000000000
3.0000000000
5.0000000000
2.0000000000
10.1980390272
2.0000000000
974.1385938356
8.6023252670
0.5000000000
2.0000000000
8.9442719100
940.2500997075
9.2195444573
10.6301458127
1.0000000000
609.2158894842
697.2926215012
842.0926314842
12.8062484749
1.8027756377
986.5480221459
1079.7782179689
475.7415264616
2.2360679775
10.8166538264
3.6055512755
1.0000000000
5.0000000000
851.9979460069
7.2111025509
13.4164078650
9.4339811321
1225.1767219467
15.2970585408
13.6014705087
411.5883866194
2.0000000000
1129.0248004362
1.0000000000
2.2360679775
1.5000000000
0.0000000000
3.0000000000
2.0000000000
747.6931188663
2.2360679775
5.0000000000
1.4142135624
2.2360679775
704.3131405845
6.3639610307
5.0000000000
10.6301458127
597.6520726978
8.5440037453
1.5811388301
1217.3315078482
2.2360679775
2.0000000000
1446.8092479660
680.8773751565
720.4699854956
2.0000000000
7.0710678119
2.9154759474
1.4142135624
8.2462112512
1.0000000000
1001.9186593731
3.1622776602
2.2360679775
934.3640885651
2.2360679775
2.2360679775
2.0000000000
770.2116592210
7.2111025509
0.5000000000
9.0000000000
933.3820225395
2.8284271247
9.2195444573
623.8789946777
2.0615528128
4.0000000000
2.0000000000
11.3137084990
1.0000000000
1.0000000000
6.0000000000
3.0000000000
606.3109763150
3.3541019662
1053.9536280122
2.1213203436
2.2360679775
739.8087590722
508.7808958678
878.0461263510
2.0000000000
1230.4828320623
8.5440037453
2.0000000000
1055.0473923005
1.0000000000
2.0000000000
2.0000000000
14.1421356237
1.1180339887
1.4142135624
2.0000000000
8.4852813742
1.4142135624
3.0000000000
1.4142135624
10.2956301410
417.8851516864
1.5000000000
11.0453610172
775.7609167778
10.0498756211
2.8284271247
765.6794368402
8.0622577483
14.3178210633
1055.1634944406
16.0312195419
487.8114389803
531.0593187206
8.2462112512
1.0000000000
638.7771520648
5.3851648071
1.4142135624
13.3416640641
812.7742614035
1.4142135624
2.2360679775
2.2360679775
5.0000000000
2.8284271247
10.0498756211
12.5299640861
2.2360679775
9.2195444573
7.8102496759
9.8488578018
592.7402466511
2.0000000000
1458.3038092250
1200.7081243999
2.0000000000
5.1478150705
1.0000000000
2.0000000000
16.5529453572
1.0000000000
8.0622577483
4.1231056256
2.8284271247
1483.5160936100
6.9641941386
2.2360679775
494.5806304335
3.0000000000
12.7279220614
583.3635230283
1.0000000000
9.4868329805
12.0415945788
2.2360679775
2.0000000000
805.4377691666
10.9658560997
1.0000000000
7.1589105316
2.0000000000
1.5811388301
2.0000000000
10.4403065089
1079.4517126764
960.7101540007
550.3680586662
1110.1603487785
436.1651063531
850.1911549763
3.1622776602
2.2360679775
812.8628420589
5.3851648071
12.0415945788
732.0983540481
2.0000000000
3.1622776602
2.0000000000
376.2884531845
3.1622776602
2.8284271247
927.6642711671
17.6918060130
2.0000000000
2.0000000000
2.2360679775
8.6023252670
1.1180339887
3.0000000000
1.4142135624
8.2462112512
427.8098292466
1616.6545704015
1098.3077892831
630.4038388208
483.5411047677
634.2633522442
2.0000000000
1.0000000000
1.4142135624
14.1421356237
1.0000000000
14.0000000000
2.0000000000
1135.2620842783
1.4142135624
13.4164078650
953.0629569971
1030.0233007073
1.0000000000
8.5440037453
664.6690906007
2.0000000000
1.0000000000
9.0553851381
5.0000000000
3.1622776602
2.0000000000
7.2801098893
5.0990195136
1.0000000000
10.2956301410
3.0000000000
9.4339811321
4.0000000000
1.1180339887
1.8027756377
14.8660687473
2.8284271247
1.5000000000
1124.1779218611
7.8102496759
1174.4756276739
3.0000000000
2.8284271247
1082.0614585133
735.8695536574
1.8027756377
2.0000000000
3.0000000000
20.6155281281
499.7639442777
2.2360679775
8.0622577483
2144.8703923547
7.5166481892
2.2360679775
1.0000000000
3.6055512755
2.0000000000
2.2360679775
362.4627567075
1709.0535392433
1.8027756377
582.1760901995
10.6301458127
1.5000000000
894.5022358832
4.0000000000
12.5299640861
1083.6097083360
1.0000000000
1.4142135624
2.0000000000
1605.3572811060
2.2360679775
0.0000000000
3.6055512755
13.9283882772
864.7548785639
2.5495097568
389.8640788788
1619.1000586746
611.4245660750
8.5440037453
787.3449053623
874.4884218788
7.0000000000
9.0553851381
2.0000000000
1.0000000000
3.0000000000
7.6157731059
10.4403065089
2.2360679775
1.0000000000
3.1622776602
1.0000000000
2.0000000000
2.2360679775
3.0000000000
973.5584214622
647.4720071169
781.6917551056
1.0000000000
8.5440037453
2.2360679775
13.1529464380
1.4142135624
1.1180339887
7.2111025509
939.3827760823
3.2015621187
9.0553851381
1.0000000000
0.0000000000
920.8914159661
1.5811388301
10.4403065089
799.8907737935
1.4142135624
2.0000000000
5.6568542495
2.0000000000
764.8300464809
10.6301458127
8.0622577483
595.4303065851
2.1213203436
3.6055512755
2.2360679775
1.0000000000
2.0000000000
871.8314057202
1.0000000000
2.0000000000
1039.9524027570
1407.5642081269
10.8166538264
636.7550549466
8.5440037453
3.1622776602
7.2111025509
521.8783383127
1516.3442880824
8.9442719100
3.3541019662
3.6055512755
2.0000000000
17.7200451467
3.1622776602
372.1625988731
1.4142135624
1.0000000000
1.0000000000
12.8062484749
6.4031242374
4.1231056256
17.8044938148
7.2801098893
2.0000000000
1158.4627745422
11.0453610172
1.0000000000
1037.9383411359
2.8284271247
0.0000000000
826.7684077177
6.0827625303
1.1180339887
732.5639903790
3.0000000000
1.5000000000
1.4142135624
3.0000000000
1099.9827271371
1.1180339887
2.0000000000
1.1180339887
1.4142135624
6.0827625303
1.0000000000
2.2360679775
1272.9450105955
2.2360679775
2.0615528128
766.2878049402
679.1060300130
1.0000000000
3.6055512755
5.0000000000
3.0000000000
5.0000000000
11.0453610172
5.0000000000
15.0000000000
7.6157731059
6.4031242374
822.6116945437
1.4142135624
1005.3601344792
523.2609291740
2.0000000000
1.0000000000
1.0000000000
1367.1700698889
796.9096561091
1.1180339887
4.4721359550
11.6619037897
11.1803398875
990.5781140324
14.8660687473
4.7169905660
623.9823715459
1.4142135624
1601.9416343925
866.5939072022
9.0000000000
821.2947095897
2.2360679775
2.2360679775
3.6055512755
2.8284271247
2.0000000000
11.0453610172
2.0000000000
3.6055512755
406.1736082022
8.0622577483
780.6215472302
19.1049731745
0.5000000000
2.2360679775
1.4142135624
791.3659077822
2.0000000000
768.5936832944
3.1622776602
4.0000000000
2.8284271247
625.9656540099
7.0710678119
9.8488578018
8.0622577483
2.0000000000
1.0000000000
734.6128231933
961.0848037504
5.0990195136
934.6421775204
1359.7235013046
706.2301324639
1590.8856024240
1.0000000000
2.0000000000
6.0000000000
7.0710678119
2.2360679775
925.7987092236
3.1622776602
15.1327459504
9.2195444573
4.2426406871
8.2462112512
4.2426406871
1.4142135624
3.1622776602
392.0204076321
858.6180757473
692.3387898999
1.4142135624
723.2461545007
14.8660687473
1.0000000000
9.4868329805
1.4142135624
4.0000000000
1.4142135624
10.2956301410
1.4142135624
2.5000000000
2.0000000000
5.8309518948
10.0498756211
11.0000000000
1042.8739137595
6.4031242374
1140.6984702365
1.8027756377
9.4868329805
10.2956301410
1.5000000000
569.9870612567
1.4142135624
817.8098801066
2.0000000000
1.8027756377
2.0000000000
9.4339811321
788.0615458199
2.2360679775
7.6157731059
1.0000000000
1.8027756377
3.0000000000
1156.4190416973
2.2360679775
1.4142135624
1.1180339887
1.0000000000
2.0000000000
1.0000000000
534.8766212876
3.6055512755
2.0000000000
14.0000000000
570.4673522648
1474.4816038188
886.5759978705
1316.8705327404
576.0008680549
968.2200163186
11.4017542510
1056.7591967899
909.3878435519
2.0000000000
4.1231056256
9.4868329805
5.5901699437
1.5811388301
5.0990195136
2.2360679775
8.9442719100
1.0000000000
517.8889842428
1.0000000000
2.2360679775
0.0000000000
2.0000000000
8.0622577483
940.3803751674
2.2360679775
2.0000000000
7.6157731059
1.4142135624
2.0000000000
2.2360679775
12.0415945788
1143.5482062423
8.2462112512
1207.3793935628
679.7317485597
1.0000000000
3.3541019662
2.2360679775
1.1180339887
11.1803398875
6.7082039325
674.1068164616
2.0000000000
7.6157731059
1.0000000000
1608.6180404310
1.4142135624
9.8994949366
2.2360679775
859.8255637046
8.6023252670
5.8309518948
1.0000000000
14.8660687473
1.4142135624
2.0000000000
9.6176920308
622.8266211395
629.3266242580
2.0000000000
8.0622577483
9.8488578018
10.4403065089
1.4142135624
3.0000000000
523.0841232536
2.0000000000
691.3436193385
1.4142135624
2.0000000000
11.4017542510
840.3903854757
2.0000000000
1.4142135624
0.7071067812
2.0000000000
10.8166538264
1057.4913711232
3.0000000000
2.2360679775
939.6302464268
934.3666303973
14.1421356237
1.4142135624
8.5440037453
2.1213203436
1.4142135624
13.0000000000
1.4142135624
3.6055512755
1.5000000000
2.1213203436
3.0000000000
1.4142135624
2.2360679775
1.4142135624
0.0000000000
8.8459030065
547.6221324965
1.4142135624
3.6055512755
3.0000000000
1.4142135624
798.4566362677
6.1032778079
2.0000000000
10.6301458127
849.3244374207
3.0000000000
1.0000000000
5.0000000000
989.9505038132
2.0000000000
2.2360679775
2.2360679775
1.4142135624
2.1213203436
1430.4995630898
2.0000000000
0.0000000000
6.7082039325
2.2360679775
1230.0219510236
2.2360679775
2.8284271247
2.2360679775
14.3178210633
1.0000000000
461.0422974088
4.4721359550
3.0000000000
1605.3024637121
659.3094872668
1.4142135624
7.8102496759
11.1803398875
8.0622577483
5.0990195136
7.6157731059
1366.5467427059
2.0000000000
2.2360679775
2.0000000000
14.0000000000
2.2360679775
1194.0787243729
1.4142135624
15.0332963784
2.0000000000
325.1845629792
1084.3145300142
9.4868329805
1368.4282955274
2.0000000000
5.0000000000
1.1180339887
1.1180339887
1.4142135624
2.0000000000
2.8284271247
853.4975102483
8.5440037453
1.4142135624
3.0000000000
2.0615528128
9.3005376189
1535.7164451812
4.0000000000
11.7046999107
11.0000000000
3.1622776602
603.9577799813
1.0000000000
1.4142135624
2.1213203436
11.4017542510
10.0000000000
1.1180339887
1.4142135624
1.4142135624
1.0000000000
6.4031242374
1.4142135624
806.6791493525
5.0000000000
679.6057680744
1.0000000000
853.4781778112
12.8062484749
9.8615414617
1.1180339887
961.0365497732
1417.5983211051
1.1180339887
3.6055512755
1.4142135624
1.0000000000
1.4142135624
5.0000000000
2.8284271247
768.6728823108
1117.6712396765
2.1213203436
1.4142135624
650.2814775157
2.2360679775
1.0000000000
1.0000000000
2.2360679775
1666.8068274398
714.7761887472
342.0179088878
6.0827625303
938.4162189562
3.6055512755
1407.6238844237
1.0000000000
2.8284271247
5.8309518948
2.2360679775
7.8102496759
1.0000000000
2.1213203436
1.0000000000
2.0000000000
10.1980390272
7.8102496759
769.6344911710
2.0000000000
2.0000000000
13.0000000000
13.4164078650
10.6301458127
2.0000000000
2.0000000000
2.0000000000
8.9442719100
2.2360679775
1.1180339887
1484.7764141446
9.1923881554
1.0000000000
2.0000000000
3.1622776602
2.0000000000
1326.9039151348
970.5632385373
559.2468149216
2.2360679775
3.1622776602
17.0293863659
1.0000000000
2.0000000000
5.8309518948
1673.6179372844
10.2956301410
1.4142135624
1043.2799240856
4.0000000000
1.0000000000
1.0000000000
12.0415945788
2.0000000000
1403.6969046058
10.7703296143
1.0000000000
4.0000000000
1.4142135624
858.7351163193
11.0453610172
11.1803398875
1.0000000000
5.6568542495
6.0827625303
1.4142135624
3.0000000000
1.4142135624
1124.9644438826
1.0000000000
1727.4403028759
8.0622577483
1467.8164054132
3.1622776602
2.0000000000
1.4142135624
17.0000000000
2.2360679775
8.0000000000
1.0000000000
3.0000000000
1020.0240193250
4.0000000000
1.0000000000
515.6869205245
1.1180339887
1.4142135624
2.2360679775
10.0498756211
12.6491106407
422.9349831830
1.4142135624
4.1231056256
10.0498756211
339.0943821416
9.4868329805
1.5000000000
3.0000000000
2.2360679775
2.0000000000
1.4142135624
7.2801098893
401.2243761289
615.2414160311
5.8309518948
8.6023252670
1220.3233178138
2.0000000000
1.4142135624
3.0000000000
2.0000000000
903.7792872156
1595.5989471042
3.0000000000
2.2360679775
796.0113064524
2.0000000000
2.0000000000
14.0356688476
1.4142135624
1.0000000000
488.7095251783
522.8479702552
1.1180339887
13.1529464380
4.0000000000
434.3017384262
7.6157731059
1.0000000000
1.5811388301
9.2195444573
2.0000000000
1.0000000000
1.4142135624
2.0000000000
11.1803398875
1.0000000000
1262.0035657636
5.0000000000
1.5000000000
589.6439603693
2.0000000000
1.4142135624
2.2360679775
2.2360679775
7.2111025509
1.4142135624
2.0615528128
2.2360679775
4.1231056256
6.3245553203
13.4536240471
8.5440037453
2.0000000000
7.5166481892
9.2195444573
1.5811388301
598.0836061957
10.1980390272
573.6898116578
538.7654870164
1085.8954830001
1.0000000000
2.0000000000
1.4142135624
2.2360679775
15.6524758425
4.0000000000
1.0000000000
1.0000000000
9.4339811321
2.8284271247
3.1622776602
1.4142135624
3.1622776602
14.3178210633
2.0000000000
9.4868329805
1.0000000000
2.2360679775
2.9154759474
5.0000000000
2.0000000000
13.0384048104
15.8113883008
1137.8158902037
1.0000000000
7.2801098893
1.4142135624
2.2360679775
7.6157731059
1.0000000000
1.0000000000
11.1803398875
1.4142135624
1.4142135624
610.2106193766
5.5901699437
2.8284271247
6.0000000000
1.0000000000
724.5867787919
713.2047391878
2.2360679775
1257.4899601985
1.4142135624
615.2276001611
3.1622776602
15.6204993518
1.4142135624
2.0000000000
760.6083091842
1.4142135624
2.0000000000
2.2360679775
1.0000000000
4.0000000000
20.0000000000
795.2106639124
2.0000000000
1.0000000000
2.2360679775
631.5694736132
9.2195444573
7.2801098893
671.8707092886
5.0990195136
2.0000000000
1109.8558464954
11.1803398875
1.1180339887
1150.4590388189
1.4142135624
874.2505361737
11.0000000000
0.7071067812
2.2360679775
1.4142135624
9.4339811321
1.4142135624
1.0000000000
3.0000000000
1.4142135624
929.4197114329
1.8027756377
1.4142135624
1.4142135624
2.2360679775
737.6967534157
5.0000000000
1.0000000000
2.2360679775
5.6568542495
2.0000000000
13.1529464380
2.9154759474
3.0000000000
2.8284271247
6.4031242374
2.0000000000
1.0000000000
2.8284271247
16.5529453572
2.2360679775
5.3851648071
2.0000000000
13.0000000000
1.0000000000
3.6055512755
1190.5368536925
3.0000000000
1.0000000000
1.4142135624
739.5006761322
1755.0960087699
2.0000000000
2.0000000000
1.1180339887
978.0235170997
1.0000000000
514.9951456082
1.0000000000
1.0000000000
1.4142135624
11.0453610172
4.0000000000
2.0000000000
8.6023252670
14.5602197786
881.9756232459
3.0000000000
520.8617858895
1.0000000000
2.0000000000
4.0000000000
8.0622577483
3.6055512755
7.0710678119
2.1213203436
12.6491106407
2.0000000000
0.5000000000
2.2360679775
4.2426406871
1200.9038262908
1.0000000000
0.0000000000
1659.8530055399
1.5811388301
2.0000000000
2.8284271247
0.5000000000
1778.2131480787
2.0000000000
947.0005279830
2.0000000000
11.0453610172
9.8488578018
7.6157731059
10.8166538264
849.8860217700
1.1180339887
1.0000000000
1247.6846556723
2.0000000000
1.8027756377
3.1622776602
1.8027756377
13.0000000000
2.0000000000
955.1680480418
1.4142135624
16.1245154966
450.5840654084
7.0710678119
1.1180339887
1.0000000000
3.0000000000
9.1923881554
1.4142135624
2.0000000000
2.0000000000
1.4142135624
3.1622776602
2.2360679775
1122.3012073414
1204.2595235247
10.2956301410
2.2360679775
11.1803398875
844.3151070542
700.3570517957
8.5440037453
4.4721359550
10.8166538264
1.0000000000
763.2070492337
13.4164078650
0.5000000000
2254.6174841866
2.0000000000
3.6055512755
6.0207972894
1.0000000000
17.0293863659
6.3245553203
7.6157731059
8.3216584885
2.0000000000
2.0000000000
737.8001084305
2.0000000000
2.0000000000
2.2360679775
1.4142135624
1497.2551552758
6.0000000000
571.7735565764
1.4142135624
965.2590325918
5.0990195136
2.0000000000
1.0000000000
9.0000000000
644.1133440630
9.4868329805
1.1180339887
1445.7918245723
3.1622776602
7.6157731059
1457.0590241991
10.4403065089
0.7071067812
2.2360679775
1.5811388301
3.0000000000
613.6880314948
3.0000000000
3.6055512755
7.6157731059
1.0000000000
8.0000000000
9.4339811321
3.6055512755
2.0000000000
6.7082039325
2.2360679775
0.7071067812
10.0000000000
15.0332963784
1.0000000000
2.0000000000
1.4142135624
1.0000000000
2.2360679775
9.4339811321
1.4142135624
4.2426406871
4.0000000000
10.8166538264
1.0000000000
7.2111025509
3.1622776602
359.4022815732
2.2360679775
1.0000000000
9.8488578018
12.0415945788
3.1622776602
16.4012194669
2.0000000000
3.6055512755
1.0000000000
8.4852813742
7.2111025509
921.7646120350
1.4142135624
3.0413812651
534.5512136363
971.1488042520
10.0000000000
12.2065556157
2.0000000000
1.0000000000
8.1394102980
721.2128673284
2.0000000000
1.0000000000
2.0000000000
16.1554944214
3.0000000000
2.0000000000
4.0000000000
2.8284271247
2.0000000000
2.0000000000
1.1180339887
2.2360679775
9.3941471140
1.4142135624
1.4142135624
3.1622776602
6.7082039325
1.1180339887
2.0000000000
4.2426406871
2.8284271247
1.4142135624
6.4031242374
2.8284271247
511.5398322712
1.4142135624
2.8284271247
1461.5023092695
2.0000000000
1057.1551447162
1.4142135624
1.0000000000
1.4142135624
0.5000000000
7.6157731059
2.8284271247
789.9493654659
1.4142135624
1.0000000000
1.4142135624
1.0000000000
1056.3034601856
4.1231056256
2.0000000000
7.6157731059
3.1622776602
3.0000000000
2.2360679775
853.5789360100
1.0000000000
9.4868329805
1.4142135624
2.2360679775
1092.8096815091
1.4142135624
6.7082039325
1.0000000000
2.2360679775
2.2360679775
9.2195444573
542.6536648729
626.1701046840
940.0345738323
646.9683145255
9.1241437954
1030.6119541321
638.9593101286
15.2970585408
1.4142135624
1482.4223419795
1.4142135624
1.4142135624
853.5273867897
1682.8728413044
455.3855509346
6.0827625303
2.2360679775
3.1622776602
2.2360679775
1.4142135624
1.4142135624
3.0000000000
2.2360679775
757.3440433515
577.0970455651
2.6925824036
2.2360679775
1.0000000000
1.0000000000
17.2046505341
2.2360679775
1.0000000000
9.8994949366
4.2426406871
1.4142135624
1.4142135624
3.1622776602
1577.1268179826
2.2360679775
1.1180339887
992.4540291621
894.9351931844
272.2498852158
1.0000000000
1.4142135624
1.0000000000
1159.8008449730
2.2360679775
2.2360679775
4.0000000000
999.2847442046
3.6055512755
2.1213203436
1.4142135624
599.8016338757
8.5440037453
629.7912352518
1133.7027829198
916.9874590200
1.4142135624
11.4017542510
1.8027756377
843.2057874564
1367.7923819060
1.0000000000
2.0000000000
13.3416640641
7.2111025509
2.5000000000
817.7285613209
4.6097722286
8.4852813742
9.4868329805
4.1231056256
1.5811388301
1144.4811051302
3.0000000000
3.0000000000
801.2646254515
892.9232889784
8.4852813742
483.0662480447
2.0000000000
6.0000000000
447.6438316340
1.0000000000
5.6568542495
666.8650538152
2.0000000000
1.4142135624
2.2360679775
11.7046999107
4.0000000000
2.5000000000
0.5000000000
608.0701028664
811.9076302142
2.0000000000
1.0000000000
504.8336359634
2.2360679775
1.5000000000
2.0000000000
5.0000000000
800.2755775356
7.8102496759
1338.3590699061
2.0615528128
818.5871975544
5.3851648071
2.2360679775
1.4142135624
1037.5283128667
768.6722318388
7.2801098893
3.6055512755
1063.4970615850
3.6055512755
1.4142135624
1.4142135624
10.0000000000
434.8241023678
2.0000000000
461.6018305856
